Ex   total   JP=0.0  JP=1.0  JP=2.0  JP=3.0  JP=4.0  JP=5.0  JP=6.0  JP=7.0  JP=8.0
   0.25               1.458E+00 6.000E-01 1.000E-30 2.868E-01 1.000E-30 2.868E-01 1.000E-30 2.868E-01 1.000E-30 1.000E-30
   0.50               1.545E+00 4.000E-01 1.000E-30 1.912E-01 1.000E-30 4.780E-01 1.000E-30 4.780E-01 1.000E-30 1.000E-30
   0.75               3.304E+00 8.880E-01 1.000E-30 1.176E+00 2.868E-01 1.912E-01 1.000E-30 4.780E-01 1.000E-30 2.868E-01
   1.00               5.939E+00 1.480E+00 1.000E-30 1.960E+00 4.780E-01 8.580E-01 2.868E-01 4.780E-01 1.000E-30 4.780E-01
   1.25               8.426E+00 1.480E+00 6.000E-01 2.230E+00 7.690E-01 1.966E+00 4.780E-01 4.780E-01 1.000E-30 4.780E-01
   1.50               1.312E+01 1.480E+00 1.288E+00 3.233E+00 1.537E+00 2.708E+00 7.642E-01 1.337E+00 2.868E-01 4.780E-01
   1.75               1.791E+01 8.806E-01 1.752E+00 3.589E+00 2.444E+00 4.189E+00 1.528E+00 1.910E+00 7.642E-01 1.912E-01
   2.00               3.254E+01 3.114E+00 2.966E+00 6.907E+00 5.396E+00 6.442E+00 2.671E+00 2.671E+00 1.012E+00 1.458E+00
   2.25               5.676E+01 5.153E+00 4.191E+00 1.226E+01 8.772E+00 1.032E+01 5.278E+00 4.141E+00 1.759E+00 2.708E+00
   2.50               7.827E+01 5.907E+00 5.976E+00 1.471E+01 1.104E+01 1.570E+01 8.037E+00 7.062E+00 3.259E+00 3.189E+00
   2.75               1.140E+02 6.875E+00 8.482E+00 1.943E+01 1.597E+01 2.135E+01 1.156E+01 1.318E+01 6.538E+00 4.669E+00
   3.00               1.534E+02 7.588E+00 9.316E+00 2.214E+01 1.933E+01 2.765E+01 1.841E+01 2.002E+01 1.204E+01 7.088E+00
   3.25               2.406E+02 1.327E+01 1.288E+01 3.633E+01 3.182E+01 3.722E+01 2.749E+01 3.057E+01 1.882E+01 1.357E+01
   3.50               3.898E+02 2.325E+01 1.791E+01 5.799E+01 5.119E+01 6.049E+01 4.374E+01 4.578E+01 2.978E+01 2.489E+01
   3.75               5.666E+02 3.108E+01 2.484E+01 7.833E+01 6.892E+01 8.974E+01 6.650E+01 6.534E+01 4.447E+01 3.882E+01
   4.00               8.300E+02 4.403E+01 3.688E+01 1.112E+02 9.917E+01 1.255E+02 9.294E+01 9.785E+01 6.672E+01 5.764E+01
   4.25               1.142E+03 5.668E+01 4.680E+01 1.374E+02 1.271E+02 1.731E+02 1.311E+02 1.370E+02 9.660E+01 8.090E+01
   4.50               1.617E+03 7.617E+01 6.784E+01 1.937E+02 1.790E+02 2.302E+02 1.782E+02 1.908E+02 1.388E+02 1.244E+02
   4.75               2.387E+03 1.082E+02 1.012E+02 2.854E+02 2.615E+02 3.356E+02 2.546E+02 2.791E+02 2.051E+02 1.898E+02
   5.00               3.422E+03 1.386E+02 1.365E+02 3.877E+02 3.572E+02 4.869E+02 3.770E+02 4.045E+02 3.010E+02 2.755E+02
   5.50               6.933E+03 2.478E+02 2.502E+02 7.322E+02 6.796E+02 9.593E+02 7.900E+02 8.388E+02 6.447E+02 5.620E+02
   6.00               1.413E+04 4.823E+02 5.066E+02 1.460E+03 1.384E+03 1.873E+03 1.537E+03 1.668E+03 1.313E+03 1.179E+03
   6.50               2.789E+04 9.303E+02 9.628E+02 2.785E+03 2.695E+03 3.572E+03 2.956E+03 3.270E+03 2.608E+03 2.364E+03
   7.00               5.288E+04 1.705E+03 1.736E+03 5.023E+03 4.873E+03 6.612E+03 5.573E+03 6.189E+03 5.038E+03 4.572E+03
   7.50               9.886E+04 3.083E+03 3.128E+03 9.060E+03 8.835E+03 1.221E+04 1.034E+04 1.142E+04 9.376E+03 8.658E+03
   8.00               1.824E+05 5.463E+03 5.565E+03 1.621E+04 1.585E+04 2.220E+04 1.889E+04 2.106E+04 1.733E+04 1.602E+04
   8.50               3.270E+05 9.425E+03 9.606E+03 2.808E+04 2.753E+04 3.872E+04 3.327E+04 3.756E+04 3.117E+04 2.905E+04
   9.00               5.726E+05 1.623E+04 1.651E+04 4.835E+04 4.737E+04 6.594E+04 5.677E+04 6.474E+04 5.430E+04 5.136E+04
   9.50               9.871E+05 2.741E+04 2.793E+04 8.181E+04 8.010E+04 1.123E+05 9.699E+04 1.105E+05 9.335E+04 8.888E+04
  10.00               1.660E+06 4.417E+04 4.515E+04 1.320E+05 1.293E+05 1.842E+05 1.611E+05 1.858E+05 1.570E+05 1.497E+05
  11.00               4.377E+06 1.112E+05 1.131E+05 3.303E+05 3.247E+05 4.651E+05 4.085E+05 4.765E+05 4.059E+05 3.999E+05
  12.00               1.071E+07 2.552E+05 2.606E+05 7.606E+05 7.469E+05 1.085E+06 9.643E+05 1.146E+06 9.886E+05 9.875E+05
  13.00               2.417E+07 5.454E+05 5.557E+05 1.623E+06 1.595E+06 2.344E+06 2.102E+06 2.525E+06 2.191E+06 2.232E+06
  14.00               5.082E+07 1.084E+06 1.111E+06 3.240E+06 3.184E+06 4.721E+06 4.253E+06 5.153E+06 4.506E+06 4.675E+06
  15.00               1.001E+08 2.021E+06 2.052E+06 6.020E+06 5.908E+06 8.852E+06 8.020E+06 9.848E+06 8.678E+06 9.159E+06
  16.00               1.862E+08 3.589E+06 3.645E+06 1.068E+07 1.049E+07 1.577E+07 1.435E+07 1.774E+07 1.574E+07 1.685E+07
  17.00               3.306E+08 6.109E+06 6.212E+06 1.821E+07 1.783E+07 2.702E+07 2.472E+07 3.077E+07 2.744E+07 2.960E+07
  18.00               5.702E+08 1.017E+07 1.036E+07 3.040E+07 2.983E+07 4.522E+07 4.133E+07 5.166E+07 4.615E+07 5.028E+07
  19.00               9.591E+08 1.674E+07 1.695E+07 4.979E+07 4.884E+07 7.432E+07 6.811E+07 8.549E+07 7.644E+07 8.355E+07
  20.00               1.597E+09 2.724E+07 2.761E+07 8.104E+07 7.960E+07 1.210E+08 1.114E+08 1.399E+08 1.247E+08 1.370E+08
  22.50               5.547E+09 9.143E+07 9.267E+07 2.724E+08 2.676E+08 4.085E+08 3.752E+08 4.723E+08 4.245E+08 4.673E+08
  25.00               1.913E+10 3.093E+08 3.132E+08 9.223E+08 9.061E+08 1.380E+09 1.275E+09 1.599E+09 1.446E+09 1.589E+09
  30.00               2.293E+11 3.567E+09 3.596E+09 1.065E+10 1.046E+10 1.598E+10 1.474E+10 1.864E+10 1.693E+10 1.873E+10
  40.00               2.585E+13 3.667E+11 3.686E+11 1.095E+12 1.076E+12 1.667E+12 1.543E+12 1.971E+12 1.809E+12 2.028E+12
  50.00               1.584E+15 2.057E+13 2.067E+13 6.133E+13 6.046E+13 9.395E+13 8.800E+13 1.129E+14 1.043E+14 1.186E+14
  60.00               2.340E+17 2.441E+15 2.460E+15 7.296E+15 7.210E+15 1.192E+16 1.163E+16 1.606E+16 1.483E+16 1.616E+16
  70.00               8.214E+18 8.089E+16 8.137E+16 2.419E+17 2.390E+17 3.949E+17 3.863E+17 5.345E+17 4.952E+17 5.449E+17
  80.00               2.292E+20 2.140E+18 2.150E+18 6.402E+18 6.335E+18 1.051E+19 1.022E+19 1.424E+19 1.319E+19 1.471E+19
  90.00               5.359E+21 4.773E+19 4.801E+19 1.422E+20 1.413E+20 2.329E+20 2.291E+20 3.169E+20 2.959E+20 3.312E+20
 100.00               1.077E+23 9.189E+20 9.227E+20 2.745E+21 2.717E+21 4.499E+21 4.413E+21 6.120E+21 5.719E+21 6.443E+21
 110.00               1.895E+24 1.561E+22 1.570E+22 4.654E+22 4.616E+22 7.633E+22 7.499E+22 1.037E+23 9.801E+22 1.104E+23
 120.00               2.996E+25 2.366E+23 2.385E+23 7.088E+23 7.022E+23 1.159E+24 1.140E+24 1.587E+24 1.492E+24 1.691E+24
 130.00               4.285E+26 3.272E+24 3.291E+24 9.769E+24 9.674E+24 1.603E+25 1.574E+25 2.191E+25 2.068E+25 2.361E+25
 140.00               5.604E+27 4.147E+25 4.166E+25 1.240E+26 1.231E+26 2.036E+26 1.998E+26 2.783E+26 2.623E+26 3.011E+26
 150.00               6.769E+28 4.858E+26 4.877E+26 1.455E+27 1.437E+27 2.382E+27 2.344E+27 3.260E+27 3.081E+27 3.553E+27
 160.00               7.604E+29 5.302E+27 5.320E+27 1.585E+28 1.575E+28 2.604E+28 2.566E+28 3.566E+28 3.377E+28 3.896E+28
 170.00               8.000E+30 5.424E+28 5.452E+28 1.620E+29 1.610E+29 2.665E+29 2.627E+29 3.653E+29 3.465E+29 4.011E+29
 180.00               7.916E+31 5.235E+29 5.254E+29 1.570E+30 1.551E+30 2.575E+30 2.538E+30 3.525E+30 3.355E+30 3.891E+30
 190.00               7.412E+32 4.785E+30 4.804E+30 1.426E+31 1.417E+31 2.355E+31 2.318E+31 3.228E+31 3.068E+31 3.575E+31
 200.00               5.324E+33 3.361E+31 3.371E+31 1.005E+32 9.952E+31 1.652E+32 1.634E+32 2.272E+32 2.159E+32 2.516E+32
