energy	f(M1)	f(E1)	T(M1)	T(E1)	gsf
0.001	0.0	0.0	0.0	0.0	0.0
0.002	1.05264e-12	0.0	5.2911699999999996e-20	0.0	1.05264e-12
0.005	2.63161e-12	0.0	2.06686e-18	0.0	2.63161e-12
0.01	5.26323e-12	0.0	3.30699e-17	0.0	5.26323e-12
0.02	1.05265e-11	0.0	5.29121e-16	0.0	1.05265e-11
0.05	2.63176e-11	0.0	2.06698e-14	0.0	2.63176e-11
0.1	5.26441e-11	0.0	3.30773e-13	0.0	5.26441e-11
0.2	1.0536e-10	5.59889e-10	5.29595e-12	2.81431e-11	6.65249e-10
0.3	1.58218e-10	6.5504e-10	2.68411e-11	1.11125e-10	8.13258e-10
0.4	2.11292e-10	7.27638e-10	8.49655e-11	2.92601e-10	9.3893e-10
0.5	2.64653e-10	8.00152e-10	2.07858e-10	6.28438e-10	1.064805e-09
0.6	3.18376e-10	8.79515e-10	4.3209e-10	1.19365e-09	1.197891e-09
0.7	3.72536e-10	9.67989e-10	8.02864e-10	2.08614e-09	1.340525e-09
0.8	4.27207e-10	1.06773e-09	1.37432e-09	3.43489e-09	1.494937e-09
0.9	4.8247e-10	1.17876e-09	2.20992e-09	5.39924e-09	1.66123e-09
1.0	5.38402e-10	1.30106e-09	3.38288e-09	8.17479e-09	1.839462e-09
1.1	5.95086e-10	1.4355e-09	4.97665e-09	1.2005e-08	2.030586e-09
1.2	6.52606e-10	1.58209e-09	7.08557e-09	1.71773e-08	2.234696e-09
1.3	7.11049e-10	1.74169e-09	9.81543e-09	2.40425e-08	2.452739e-09
1.4	7.70505e-10	1.91343e-09	1.32843e-08	3.29895e-08	2.683935e-09
1.5	8.31068e-10	2.09904e-09	1.76234e-08	4.45118e-08	2.9301079999999997e-09
1.6	8.92834e-10	2.29767e-09	2.29779e-08	5.91327e-08	3.190504e-09
1.7	9.55906e-10	2.50931e-09	2.95081e-08	7.74606e-08	3.465216e-09
1.8	1.02039e-09	2.73569e-09	3.73906e-08	1.00245e-07	3.75608e-09
1.9	1.08639e-09	2.97595e-09	4.68195e-08	1.28253e-07	4.0623399999999994e-09
2.0	1.15403e-09	3.23096e-09	5.80078e-08	1.62406e-07	4.38499e-09
2.2	1.29471e-09	3.78608e-09	8.66203e-08	2.53302e-07	5.08079e-09
2.4	1.44348e-09	4.40451e-09	1.25379e-07	3.82571e-07	5.84799e-09
2.6	1.6015e-09	5.08888e-09	1.76859e-07	5.61982e-07	6.690379999999999e-09
2.8	1.77009e-09	5.84349e-09	2.44146e-07	8.05984e-07	7.61358e-09
3.0	1.95071e-09	6.6727e-09	3.30931e-07	1.132e-06	8.62341e-09
3.2	2.14504e-09	7.57997e-09	4.41636e-07	1.56062e-06	9.72501e-09
3.4	2.35494e-09	8.56964e-09	5.81562e-07	2.11631e-06	1.0924579999999999e-08
3.6	2.58257e-09	9.64518e-09	7.57075e-07	2.82747e-06	1.2227750000000002e-08
3.8	2.83037e-09	1.08248e-08	9.75829e-07	3.73208e-06	1.365517e-08
4.0	3.10115e-09	1.20998e-08	1.24705e-06	4.86564e-06	1.520095e-08
4.5	3.90094e-09	1.57688e-08	2.2335e-06	9.02853e-06	1.966974e-08
5.0	4.93063e-09	2.02445e-08	3.87251e-06	1.59e-05	2.517513e-08
5.5	6.28126e-09	2.56742e-08	6.56621e-06	2.6839e-05	3.195546e-08
6.0	8.07603e-09	3.22663e-08	1.09605e-05	4.37907e-05	4.0342330000000004e-08
6.5	1.04637e-08	4.02808e-08	1.80553e-05	6.95053e-05	5.0744499999999995e-08
7.0	1.35656e-08	5.00301e-08	2.92357e-05	0.000107821	6.359569999999999e-08
7.5	1.73031e-08	6.19304e-08	4.58657e-05	0.00016416	7.923349999999999e-08
8.0	2.1051e-08	7.64676e-08	6.77209e-05	0.000245995	9.751859999999999e-08
8.5	2.34341e-08	9.42834e-08	9.04241e-05	0.000363808	1.1771750000000001e-07
9.0	2.314e-08	1.16055e-07	0.000105991	0.000531581	1.39195e-07
9.5	2.03623e-08	1.42856e-07	0.000109693	0.000769574	1.632183e-07
10.0	1.65599e-08	1.7547e-07	0.000104049	0.00110251	1.920299e-07
10.5	1.29684e-08	2.15108e-07	9.43266e-05	0.00156461	2.280764e-07
11.0	1.00627e-08	2.62901e-07	8.41537e-05	0.00219862	2.729637e-07
11.5	7.8553e-09	3.20494e-07	7.50648e-05	0.00306262	3.283493e-07
12.0	6.21027e-09	3.89971e-07	6.74271e-05	0.00423405	3.9618127e-07
12.5	4.98283e-09	4.73932e-07	6.11485e-05	0.00581603	4.7891483e-07
13.0	4.05744e-09	5.74721e-07	5.60095e-05	0.00793354	5.7877844e-07
13.5	3.34998e-09	6.92771e-07	5.17873e-05	0.0107095	6.9612098e-07
14.0	2.80102e-09	8.22963e-07	4.82926e-05	0.0141888	8.2576402e-07
14.5	2.36879e-09	9.52375e-07	4.53744e-05	0.0182428	9.5474379e-07
15.0	2.02377e-09	1.05733e-06	4.29155e-05	0.0224214	1.05935377e-06
15.5	1.74482e-09	1.11457e-06	4.08249e-05	0.0260786	1.11631482e-06
16.0	1.51666e-09	1.1085e-06	3.90326e-05	0.0285284	1.11001666e-06
16.5	1.32804e-09	1.04258e-06	3.74837e-05	0.0294267	1.04390804e-06
17.0	1.1706e-09	9.39364e-07	3.61356e-05	0.0289975	9.405346e-07
17.5	1.03802e-09	8.23658e-07	3.49543e-05	0.0277358	8.2469602e-07
18.0	9.2548e-10	7.10812e-07	3.39129e-05	0.0260467	7.1173748e-07
18.5	8.29238e-10	6.08722e-07	3.29894e-05	0.0242167	6.09551238e-07
19.0	7.46381e-10	5.1999e-07	3.21663e-05	0.0224097	5.20736381e-07
19.5	6.74605e-10	4.45049e-07	3.14292e-05	0.0207344	4.45723605e-07
20.0	6.12073e-10	3.82685e-07	3.07661e-05	0.0192358	3.83297073e-07
21.0	5.09107e-10	2.88835e-07	2.96242e-05	0.0168069	2.89344107e-07
