   Ex    total   JP=0.5  JP=1.5  JP=2.5  JP=3.5  JP=4.5  JP=5.5  JP=6.5  JP=7.5  JP=8.5   

   0.25               1.000E-30 1.000E-30 1.000E-30 1.000E-30 1.000E-30 1.000E-30 1.000E-30 1.000E-30 1.000E-30 1.000E-30
   0.50               1.000E-30 1.000E-30 1.000E-30 1.000E-30 1.000E-30 1.000E-30 1.000E-30 1.000E-30 1.000E-30 1.000E-30
   0.75               1.000E-30 1.000E-30 1.000E-30 1.000E-30 1.000E-30 1.000E-30 1.000E-30 1.000E-30 1.000E-30 1.000E-30
   1.00               2.020E-01 1.000E-30 1.000E-30 1.000E-30 1.000E-30 1.574E-03 2.000E-01 1.000E-30 1.000E-30 1.000E-30
   1.25               1.066E+00 1.000E-30 1.000E-30 1.000E-30 1.000E-30 7.870E-03 1.000E+00 6.160E-02 1.000E-30 1.000E-30
   1.50               1.875E+00 1.232E-01 3.840E-01 3.080E-01 1.232E-01 2.703E-01 1.000E+00 3.080E-01 6.160E-02 1.000E-30
   1.75               8.253E+00 6.160E-01 1.920E+00 1.540E+00 8.628E-01 1.541E+00 1.124E+00 3.080E-01 3.080E-01 6.160E-02
   2.00               1.204E+01 6.160E-01 1.920E+00 1.548E+00 1.908E+00 3.083E+00 1.721E+00 4.924E-01 5.084E-01 3.080E-01
   2.25               1.742E+01 6.776E-01 2.031E+00 1.751E+00 2.453E+00 4.404E+00 2.520E+00 1.513E+00 1.569E+00 3.696E-01
   2.50               3.003E+01 9.852E-01 2.524E+00 2.945E+00 4.452E+00 5.757E+00 4.644E+00 3.741E+00 3.536E+00 8.628E-01
   2.75               4.599E+01 1.563E+00 3.127E+00 5.515E+00 7.065E+00 7.518E+00 6.049E+00 5.495E+00 5.356E+00 2.006E+00
   3.00               7.923E+01 4.249E+00 8.499E+00 1.241E+01 1.207E+01 1.252E+01 8.705E+00 7.908E+00 6.725E+00 3.154E+00
   3.25               1.137E+02 5.194E+00 1.044E+01 1.593E+01 1.773E+01 1.868E+01 1.417E+01 1.144E+01 7.546E+00 5.589E+00
   3.50               1.560E+02 6.271E+00 1.297E+01 1.992E+01 2.276E+01 2.520E+01 2.277E+01 1.720E+01 1.044E+01 7.691E+00
   3.75               2.279E+02 7.900E+00 1.720E+01 2.570E+01 3.077E+01 3.394E+01 3.640E+01 2.827E+01 1.829E+01 1.310E+01
   4.00               3.515E+02 1.292E+01 2.922E+01 4.360E+01 4.518E+01 4.706E+01 4.989E+01 4.149E+01 3.042E+01 2.138E+01
   4.25               5.439E+02 2.505E+01 4.997E+01 7.111E+01 7.125E+01 8.203E+01 6.439E+01 5.723E+01 4.867E+01 3.159E+01
   4.50               8.160E+02 3.734E+01 7.278E+01 1.030E+02 1.072E+02 1.263E+02 9.769E+01 7.964E+01 7.083E+01 5.115E+01
   4.75               1.121E+03 4.678E+01 8.969E+01 1.272E+02 1.445E+02 1.763E+02 1.468E+02 1.177E+02 9.590E+01 7.311E+01
   5.00               1.621E+03 6.595E+01 1.245E+02 1.775E+02 1.973E+02 2.375E+02 2.177E+02 1.791E+02 1.499E+02 1.079E+02
   5.50               3.259E+03 1.324E+02 2.564E+02 3.660E+02 3.897E+02 4.414E+02 4.000E+02 3.578E+02 3.095E+02 2.263E+02
   6.00               6.362E+03 2.413E+02 4.851E+02 7.035E+02 7.476E+02 8.554E+02 7.782E+02 6.862E+02 6.003E+02 4.524E+02
   6.50               1.205E+04 4.288E+02 8.594E+02 1.240E+03 1.385E+03 1.610E+03 1.492E+03 1.309E+03 1.147E+03 8.812E+02
   7.00               2.253E+04 7.839E+02 1.554E+03 2.238E+03 2.534E+03 2.931E+03 2.709E+03 2.437E+03 2.166E+03 1.706E+03
   7.50               4.182E+04 1.428E+03 2.811E+03 4.094E+03 4.637E+03 5.342E+03 4.925E+03 4.483E+03 3.982E+03 3.241E+03
   8.00               7.565E+04 2.514E+03 4.903E+03 7.198E+03 8.146E+03 9.417E+03 8.838E+03 8.141E+03 7.224E+03 5.916E+03
   8.50               1.339E+05 4.279E+03 8.390E+03 1.229E+04 1.405E+04 1.633E+04 1.547E+04 1.430E+04 1.290E+04 1.056E+04
   9.00               2.336E+05 7.212E+03 1.426E+04 2.088E+04 2.408E+04 2.820E+04 2.668E+04 2.478E+04 2.254E+04 1.867E+04
   9.50               3.998E+05 1.202E+04 2.375E+04 3.481E+04 4.021E+04 4.714E+04 4.509E+04 4.237E+04 3.865E+04 3.238E+04
  10.00               6.691E+05 1.953E+04 3.855E+04 5.654E+04 6.546E+04 7.668E+04 7.432E+04 7.044E+04 6.481E+04 5.496E+04
  11.00               1.766E+06 4.859E+04 9.599E+04 1.410E+05 1.649E+05 1.945E+05 1.908E+05 1.829E+05 1.709E+05 1.474E+05
  12.00               4.334E+06 1.127E+05 2.222E+05 3.272E+05 3.852E+05 4.555E+05 4.539E+05 4.409E+05 4.185E+05 3.669E+05
  13.00               9.869E+06 2.413E+05 4.756E+05 7.005E+05 8.344E+05 9.879E+05 1.002E+06 9.827E+05 9.460E+05 8.421E+05
  14.00               2.089E+07 4.826E+05 9.513E+05 1.404E+06 1.689E+06 2.009E+06 2.051E+06 2.044E+06 1.988E+06 1.793E+06
  15.00               4.144E+07 9.024E+05 1.786E+06 2.628E+06 3.181E+06 3.797E+06 3.934E+06 3.962E+06 3.893E+06 3.573E+06
  16.00               7.776E+07 1.607E+06 3.178E+06 4.677E+06 5.697E+06 6.810E+06 7.128E+06 7.247E+06 7.182E+06 6.672E+06
  17.00               1.391E+08 2.730E+06 5.405E+06 7.969E+06 9.724E+06 1.169E+07 1.231E+07 1.257E+07 1.262E+07 1.180E+07
  18.00               2.391E+08 4.494E+06 8.898E+06 1.314E+07 1.611E+07 1.930E+07 2.045E+07 2.111E+07 2.122E+07 2.008E+07
  19.00               3.979E+08 7.227E+06 1.429E+07 2.112E+07 2.601E+07 3.118E+07 3.323E+07 3.434E+07 3.473E+07 3.307E+07
  20.00               6.496E+08 1.141E+07 2.263E+07 3.348E+07 4.132E+07 4.953E+07 5.289E+07 5.492E+07 5.572E+07 5.330E+07
  22.50               2.078E+09 3.485E+07 6.906E+07 1.016E+08 1.262E+08 1.518E+08 1.627E+08 1.691E+08 1.727E+08 1.662E+08
  25.00               6.433E+09 1.044E+08 2.078E+08 3.066E+08 3.799E+08 4.577E+08 4.915E+08 5.132E+08 5.242E+08 5.075E+08
  30.00               6.263E+10 9.951E+08 1.972E+09 2.913E+09 3.616E+09 4.364E+09 4.684E+09 4.902E+09 5.021E+09 4.874E+09
  40.00               5.809E+12 8.558E+10 1.699E+11 2.521E+11 3.141E+11 3.799E+11 4.118E+11 4.345E+11 4.490E+11 4.407E+11
  50.00               3.276E+14 4.425E+12 8.794E+12 1.309E+13 1.632E+13 1.991E+13 2.175E+13 2.313E+13 2.413E+13 2.394E+13
  60.00               2.233E+16 2.479E+14 4.922E+14 7.319E+14 9.632E+14 1.183E+15 1.383E+15 1.573E+15 1.539E+15 1.565E+15
  70.00               7.542E+17 7.853E+15 1.558E+16 2.318E+16 3.060E+16 3.764E+16 4.422E+16 5.043E+16 4.977E+16 5.097E+16
  80.00               2.032E+19 1.997E+17 3.985E+17 5.918E+17 7.804E+17 9.569E+17 1.133E+18 1.291E+18 1.282E+18 1.328E+18
  90.00               4.567E+20 4.287E+18 8.528E+18 1.265E+19 1.674E+19 2.064E+19 2.436E+19 2.780E+19 2.780E+19 2.882E+19
 100.00               8.832E+21 7.937E+19 1.582E+20 2.354E+20 3.098E+20 3.824E+20 4.513E+20 5.164E+20 5.200E+20 5.414E+20
 110.00               1.502E+23 1.293E+21 2.577E+21 3.843E+21 5.071E+21 6.262E+21 7.396E+21 8.466E+21 8.568E+21 8.940E+21
 120.00               2.282E+24 1.897E+22 3.785E+22 5.636E+22 7.441E+22 9.180E+22 1.088E+23 1.246E+23 1.265E+23 1.321E+23
 130.00               3.150E+25 2.529E+23 5.039E+23 7.503E+23 9.947E+23 1.227E+24 1.450E+24 1.664E+24 1.692E+24 1.775E+24
 140.00               3.983E+26 3.085E+24 6.150E+24 9.170E+24 1.208E+25 1.496E+25 1.774E+25 2.035E+25 2.081E+25 2.192E+25
 150.00               4.646E+27 3.490E+25 6.962E+25 1.040E+26 1.374E+26 1.699E+26 2.005E+26 2.302E+26 2.367E+26 2.497E+26
 160.00               5.044E+28 3.681E+26 7.344E+26 1.094E+27 1.447E+27 1.790E+27 2.123E+27 2.439E+27 2.513E+27 2.652E+27
 170.00               5.127E+29 3.650E+27 7.272E+27 1.084E+28 1.436E+28 1.769E+28 2.103E+28 2.418E+28 2.501E+28 2.640E+28
 180.00               4.922E+30 3.405E+28 6.792E+28 1.009E+29 1.342E+29 1.656E+29 1.962E+29 2.258E+29 2.341E+29 2.480E+29
 190.00               4.459E+31 3.013E+29 6.008E+29 8.956E+29 1.183E+30 1.470E+30 1.738E+30 1.997E+30 2.080E+30 2.209E+30
 200.00               3.117E+32 2.059E+30 4.108E+30 6.129E+30 8.114E+30 1.002E+31 1.187E+31 1.372E+31 1.428E+31 1.512E+31
