0.862378 1.698025 1.170096
0.794062 1.977696 1.202969
0.828672 1.478745 1.182510
0.853698 2.729895 1.517473
0.878257 0.647027 0.940828
0.840179 0.671110 0.980907
0.831232 1.541190 1.338499
0.866279 1.606256 1.296301
0.849797 7.668183 1.970042
0.814186 1.399616 1.461119
0.871522 1.070106 1.174744
0.817083 1.809272 1.208663
0.790819 1.495673 1.149020
0.830287 1.103644 1.062430
0.868992 3.829002 1.658686
0.871402 1.090946 1.032357
0.847593 2.748736 1.457306
0.825555 1.279124 1.121124
0.836444 2.479946 1.425386
0.842117 0.855286 1.004828
0.814384 1.919771 1.241398
0.827223 2.157891 1.361221
0.829386 0.772841 0.918303
0.874748 2.875668 1.591701
0.873411 1.943432 1.566337
0.809164 2.463547 1.750653
0.898084 2.430243 1.605054
0.785729 0.795592 0.969039
0.774849 2.358655 1.358590
0.800380 1.228298 1.098194
0.785517 3.082344 1.577639
0.844972 1.292509 1.104775
0.848320 1.719000 1.263776
0.845320 2.546432 1.492243
0.851344 1.802167 1.207697
0.802543 0.772410 0.907960
0.816592 1.592895 1.461275
0.866427 0.499672 0.781726
0.895540 0.540366 0.894481
0.890870 2.534611 1.488925
0.791149 1.397529 1.144962
0.826231 2.082997 1.272325
0.773253 2.627891 1.517243
0.822799 4.824937 1.564572
0.885228 2.713060 1.549143
0.823814 1.596369 1.352546
0.854123 0.775049 0.898545
0.874277 3.655594 1.658116
0.809746 4.371232 1.693298
0.820061 0.935599 1.039118
0.819933 1.290176 1.181749
0.813132 0.370154 0.472670
0.901444 1.471908 1.304973
0.818930 1.002155 0.969525
0.813040 1.458465 1.128541
0.851694 1.026502 1.008715
0.791347 0.725976 0.972167
0.750195 1.571972 1.216659
0.803761 0.498656 0.692687
0.849619 2.728259 1.480137
0.856150 1.696803 1.184920
0.838379 0.594174 0.821381
0.855591 1.972015 1.511981
0.807884 1.736603 1.261480
0.840853 1.012810 1.067023
0.870520 0.607423 0.847046
0.874053 1.145640 0.924068
0.852520 2.414220 1.368686
0.881965 1.893403 1.321005
0.806495 1.316097 1.042885
0.860143 1.393898 1.103667
0.770279 1.195328 1.395798
0.836308 8.541993 2.150097
0.818468 1.107982 1.037228
0.842947 1.721623 1.489513
0.814793 3.005337 1.534381
0.898604 1.516141 1.267748
0.760654 0.808919 0.867739
0.824502 1.428481 1.088183
0.864241 1.581368 1.330213
0.804129 1.574861 1.323443
0.835081 2.961831 1.589919
0.793288 2.124194 1.445017
0.843523 2.107767 1.315877
0.848249 1.370447 1.208727
0.795516 0.927671 0.850134
0.861403 2.393398 1.288673
0.888759 2.242598 1.361685
0.847572 1.596245 1.191462
0.785177 1.981658 1.288662
0.828217 1.071619 1.085883
0.802620 0.962892 0.874476
0.868807 2.633021 1.510698
0.829977 1.421380 1.156318
0.755578 1.479218 1.175901
0.798258 1.624788 1.249202
0.780074 0.843989 0.957405
0.866629 2.100977 1.486159
0.860577 2.740146 1.660273
0.759833 3.088378 1.600394
0.767158 2.150991 1.266210
0.812949 3.070034 1.545135
0.765167 2.614546 1.328106
0.862847 1.171529 1.309054
0.764957 2.005396 1.384634
0.822351 0.796158 0.867786
0.807312 1.864950 1.144151
0.792064 1.599435 1.167332
0.812185 3.022737 1.742669
0.783192 1.580886 1.081844
0.819908 0.751317 0.920719
0.829885 1.051846 1.077984
0.850077 2.234618 1.465096
0.831911 1.226078 1.086247
0.783350 1.609060 1.171250
0.814105 0.773274 0.973165
0.817191 2.218500 1.362759
0.832236 1.545519 1.188142
0.793064 0.829944 0.936395
0.892937 1.969658 1.351408
0.772496 1.565158 1.244217
0.835860 2.016158 1.306562
0.902711 1.348960 1.129644
0.812652 0.781235 1.038681
0.872959 1.493700 1.184032
0.903999 7.675115 2.174463
0.832667 6.188540 1.970447
0.847424 2.065785 1.355624
0.835460 0.266745 0.590913
0.845972 2.455668 1.473527
0.827457 3.085749 1.597352
0.887708 0.742904 0.927498
0.873335 1.192108 1.208208
0.800736 1.261253 0.999023
0.849969 0.866459 0.846594
0.782469 1.406181 1.303796
0.820415 1.053511 1.009816
0.838393 1.554626 1.136126
0.822567 1.195654 1.091735
0.825512 0.918946 0.958480
0.834322 2.423600 1.556861
0.842402 2.447082 1.388421
0.829316 1.123047 1.285279
0.801112 1.332868 1.133491
0.840174 0.720000 0.767037
0.932438 1.067872 1.210514
0.841548 2.227386 1.404714
0.829721 2.251368 1.494675
0.847483 1.425869 1.181428
0.867135 1.277104 1.276188
