0.106718 0.300570
-0.073784 0.303909
-0.037150 0.313310
-0.158282 0.141118
-0.218915 -0.067496
0.297238 0.502578
-0.263678 -0.138247
0.281101 0.659572
-0.297422 -0.016960
0.106455 0.400639
-0.316969 -0.283708
-0.013822 0.190955
0.037658 0.244079
0.069253 0.309536
0.145839 0.367328
0.157480 0.490653
0.308943 0.561419
-0.362252 -0.198704
0.308325 0.651508
0.146390 0.524026
-0.047766 0.306339
0.153496 0.297655
-0.213347 -0.159347
0.110553 0.350297
-0.466133 -0.327967
0.353429 0.667323
0.152294 0.411019
0.139387 0.415604
0.103706 0.426061
0.117196 0.565237
0.111206 0.343955
-0.318602 -0.182779
0.024342 0.216582
0.018992 0.194003
-0.322128 -0.276899
-0.143086 0.146548
0.139364 0.301271
-0.245617 -0.223330
0.291703 0.689662
0.041673 0.533048
0.016069 0.411304
-0.822730 -0.871870
-0.078071 0.126116
-0.107733 0.057290
0.347466 0.682915
-0.477308 -0.151780
-0.779460 -0.848937
0.087643 0.299036
0.066048 0.529338
-0.329760 -0.205409
-0.221717 -0.022957
-0.005632 0.123067
-0.179447 -0.026061
0.084951 0.297584
0.072489 0.229106
0.104499 0.260133
0.547181 0.906523
0.132495 0.411658
-0.367590 -0.112796
0.129948 0.355489
-0.386370 -0.333734
0.044443 0.218533
0.502214 0.851460
0.013501 0.144851
-0.211315 -0.124733
0.123600 0.380408
-0.002575 0.213037
-0.184322 -0.129538
-0.021857 0.241626
-0.301575 -0.076600
0.374915 0.676077
0.406270 0.659721
-0.148940 0.283196
0.315423 0.669966
0.543258 0.982390
-0.722774 -0.879827
0.059249 0.476977
0.286187 0.534741
0.163097 0.511701
-0.296985 -0.227007
0.236453 0.538695
-0.024540 0.181462
0.368667 0.652238
-0.238819 -0.199746
0.162941 0.416873
0.316123 0.637698
0.048767 0.360920
-0.015203 0.137037
-0.238003 -0.088994
0.012363 0.291604
0.198598 0.298950
0.243248 0.448687
-0.210986 0.015471
0.037525 0.205244
-0.148630 0.187143
0.249886 0.509255
0.273050 0.414184
-0.073620 0.229374
-0.136164 0.264928
0.097538 0.233259
0.154639 0.390747
-0.261008 0.015530
-0.025028 0.351041
-0.134314 0.228075
-0.394614 -0.312609
0.022663 0.326872
-0.017603 0.359356
0.041632 0.234543
-0.216812 0.028832
-0.095357 0.027535
0.184462 0.462009
0.234158 0.618535
-0.215101 0.183897
0.079576 0.241471
0.113970 0.380563
0.154318 0.452634
-0.510499 -0.493644
-0.110766 0.038996
-0.203728 -0.055845
0.109302 0.260597
0.073138 0.338745
0.116131 0.260146
0.158951 0.477134
-0.284862 -0.233300
-0.436448 -0.168148
-0.095257 0.192236
-0.092490 0.152437
-0.063885 0.095389
0.001568 0.411967
-0.111360 -0.075797
0.192139 0.635145
0.427693 0.674272
-0.263044 -0.136487
-0.158752 -0.075911
-0.188364 -0.017097
-0.025521 0.168748
0.159587 0.464777
0.313055 0.478192
-0.359014 -0.270287
-0.026370 0.050512
0.032908 0.219862
-0.296893 -0.147478
-0.418723 -0.417324
-0.093558 -0.006997
0.252880 0.532415
0.228781 0.489385
-0.469737 -0.396593
-0.058148 0.366018
-0.004641 0.236883
0.085518 0.323770
