2.184354E+01 1.244006E+01 9.480390E+00 8.108322E+00 7.320530E+00 6.806712E+00 6.446489E+00 6.182993E+00 5.984497E+00 5.831588E+00 5.394623E+00 5.136752E+00 4.926044E+00 4.748884E+00 4.614508E+00 4.510599E+00 4.452565E+00 4.414002E+00 4.414733E+00 4.427031E+00 4.473147E+00 4.536433E+00 4.600505E+00 4.694487E+00 4.782824E+00 4.903914E+00 5.031743E+00 5.151692E+00 1.048949E+00 
2.171310E+01 1.235803E+01 9.386584E+00 7.990108E+00 7.178441E+00 6.645221E+00 6.270384E+00 5.996743E+00 5.791263E+00 5.633706E+00 5.188601E+00 4.927623E+00 4.711131E+00 4.524420E+00 4.378824E+00 4.261855E+00 4.189593E+00 4.135068E+00 4.118611E+00 4.112075E+00 4.137843E+00 4.179006E+00 4.220945E+00 4.289648E+00 4.353953E+00 4.446939E+00 4.545703E+00 4.638813E+00 1.061749E+00 
2.096550E+01 1.195417E+01 9.121805E+00 7.803383E+00 7.041987E+00 6.543088E+00 6.192246E+00 5.935289E+00 5.741201E+00 5.591094E+00 5.154466E+00 4.891937E+00 4.678879E+00 4.500043E+00 4.365354E+00 4.261078E+00 4.203184E+00 4.162879E+00 4.160951E+00 4.169880E+00 4.211239E+00 4.268754E+00 4.326481E+00 4.412397E+00 4.492683E+00 4.603974E+00 4.721157E+00 4.831430E+00 1.070051E+00 
2.140286E+01 1.219611E+01 9.335577E+00 8.030989E+00 7.292264E+00 6.814226E+00 6.479817E+00 6.235043E+00 6.049622E+00 5.905816E+00 5.481106E+00 5.218052E+00 4.999090E+00 4.817078E+00 4.678174E+00 4.574373E+00 4.515429E+00 4.481308E+00 4.484313E+00 4.504364E+00 4.555860E+00 4.626450E+00 4.702678E+00 4.806093E+00 4.909075E+00 5.040181E+00 5.180763E+00 5.316048E+00 9.709497E-01 
2.038055E+01 1.162840E+01 8.882506E+00 7.603108E+00 6.862603E+00 6.376726E+00 6.034847E+00 5.784732E+00 5.596244E+00 5.450736E+00 5.027286E+00 4.769764E+00 4.557101E+00 4.379243E+00 4.243074E+00 4.140894E+00 4.080907E+00 4.044685E+00 4.042075E+00 4.055959E+00 4.097885E+00 4.156772E+00 4.222175E+00 4.310331E+00 4.399437E+00 4.512960E+00 4.634266E+00 4.754260E+00 1.018049E+00 
1.897450E+01 1.085958E+01 8.352764E+00 7.197886E+00 6.533072E+00 6.097197E+00 5.790003E+00 5.563915E+00 5.392217E+00 5.258081E+00 4.851127E+00 4.591580E+00 4.378519E+00 4.205582E+00 4.075850E+00 3.981278E+00 3.928951E+00 3.900578E+00 3.905562E+00 3.926580E+00 3.975342E+00 4.040826E+00 4.112679E+00 4.206897E+00 4.302513E+00 4.421514E+00 4.549068E+00 4.674398E+00 9.482153E-01 
2.188521E+01 1.246064E+01 9.507479E+00 8.147625E+00 7.371480E+00 6.866858E+00 6.512946E+00 6.253743E+00 6.057693E+00 5.905973E+00 5.463619E+00 5.195384E+00 4.974278E+00 4.787678E+00 4.644937E+00 4.533864E+00 4.469327E+00 4.425029E+00 4.420624E+00 4.427616E+00 4.468795E+00 4.527027E+00 4.586475E+00 4.675156E+00 4.758500E+00 4.872914E+00 4.994702E+00 5.107135E+00 1.038892E+00 
2.510242E+01 1.424069E+01 1.081359E+01 9.251538E+00 8.377403E+00 7.819337E+00 7.433068E+00 7.152664E+00 6.942396E+00 6.780838E+00 6.330087E+00 6.075058E+00 5.864537E+00 5.684595E+00 5.546633E+00 5.441313E+00 5.384082E+00 5.350396E+00 5.359603E+00 5.385382E+00 5.448272E+00 5.533490E+00 5.622325E+00 5.746377E+00 5.866432E+00 6.023173E+00 6.190878E+00 6.348689E+00 1.039816E+00 
2.193196E+01 1.248324E+01 9.497521E+00 8.106240E+00 7.303820E+00 6.778938E+00 6.410572E+00 6.141535E+00 5.939016E+00 5.783511E+00 5.342404E+00 5.082267E+00 4.867173E+00 4.681614E+00 4.538513E+00 4.422522E+00 4.354193E+00 4.301019E+00 4.289081E+00 4.284392E+00 4.315127E+00 4.361418E+00 4.405467E+00 4.480130E+00 4.546201E+00 4.645840E+00 4.750671E+00 4.845361E+00 1.025698E+00 
2.126509E+01 1.212231E+01 9.258436E+00 7.934895E+00 7.175942E+00 6.680988E+00 6.333772E+00 6.079814E+00 5.887914E+00 5.739576E+00 5.310672E+00 5.053271E+00 4.843311E+00 4.667538E+00 4.535383E+00 4.433131E+00 4.376987E+00 4.339041E+00 4.341105E+00 4.352500E+00 4.398819E+00 4.461225E+00 4.523397E+00 4.615690E+00 4.701102E+00 4.819649E+00 4.944848E+00 5.060619E+00 1.007421E+00 
2.390190E+01 1.358052E+01 1.033420E+01 8.850771E+00 8.015613E+00 7.479012E+00 7.106099E+00 6.834747E+00 6.630867E+00 6.473970E+00 6.030489E+00 5.776533E+00 5.569644E+00 5.394969E+00 5.263680E+00 5.165532E+00 5.116090E+00 5.089482E+00 5.104199E+00 5.136148E+00 5.203431E+00 5.292542E+00 5.386270E+00 5.513032E+00 5.637271E+00 5.796633E+00 5.966520E+00 6.129731E+00 1.056944E+00 
2.244954E+01 1.278213E+01 9.773205E+00 8.407609E+00 7.641132E+00 7.149347E+00 6.807641E+00 6.558938E+00 6.371381E+00 6.227031E+00 5.813753E+00 5.569597E+00 5.372104E+00 5.206262E+00 5.085416E+00 4.995096E+00 4.954067E+00 4.931883E+00 4.952766E+00 4.985146E+00 5.055851E+00 5.145809E+00 5.235844E+00 5.361457E+00 5.478573E+00 5.635456E+00 5.800513E+00 5.953607E+00 9.376706E-01 
2.699721E+01 1.528643E+01 1.154332E+01 9.820129E+00 8.849856E+00 8.228703E+00 7.798674E+00 7.487039E+00 7.253546E+00 7.075894E+00 6.602111E+00 6.348883E+00 6.140950E+00 5.946880E+00 5.795806E+00 5.659868E+00 5.579759E+00 5.504207E+00 5.484039E+00 5.461113E+00 5.486162E+00 5.529888E+00 5.557381E+00 5.634784E+00 5.688009E+00 5.792963E+00 5.903466E+00 5.987575E+00 9.514008E-01 
2.973105E+01 1.680709E+01 1.264862E+01 1.073998E+01 9.676255E+00 9.003055E+00 8.541130E+00 8.208248E+00 7.960112E+00 7.772084E+00 7.282305E+00 7.038319E+00 6.842449E+00 6.658148E+00 6.515049E+00 6.387355E+00 6.316902E+00 6.251545E+00 6.244770E+00 6.236415E+00 6.278551E+00 6.343063E+00 6.391382E+00 6.494592E+00 6.573004E+00 6.706496E+00 6.849528E+00 6.961231E+00 9.809143E-01 
2.198266E+01 1.250906E+01 9.514710E+00 8.119468E+00 7.315044E+00 6.789176E+00 6.420354E+00 6.151252E+00 5.949378E+00 5.794595E+00 5.357565E+00 5.100749E+00 4.884454E+00 4.699044E+00 4.552446E+00 4.438557E+00 4.367359E+00 4.320127E+00 4.308060E+00 4.312419E+00 4.346307E+00 4.398039E+00 4.456175E+00 4.538333E+00 4.621335E+00 4.729343E+00 4.845347E+00 4.959254E+00 9.916327E-01 
2.324255E+01 1.320631E+01 1.003751E+01 8.574882E+00 7.741326E+00 7.200891E+00 6.823381E+00 6.547933E+00 6.340978E+00 6.182241E+00 5.736929E+00 5.477150E+00 5.259918E+00 5.068767E+00 4.919323E+00 4.798132E+00 4.724320E+00 4.668521E+00 4.654582E+00 4.650923E+00 4.683019E+00 4.732995E+00 4.781351E+00 4.862158E+00 4.934482E+00 5.041171E+00 5.154601E+00 5.255866E+00 9.588055E-01 
2.020525E+01 1.153909E+01 8.845007E+00 7.604121E+00 6.892525E+00 6.427743E+00 6.100760E+00 5.860734E+00 5.678674E+00 5.537096E+00 5.114744E+00 4.853886E+00 4.642304E+00 4.468181E+00 4.339180E+00 4.243354E+00 4.193224E+00 4.163614E+00 4.170759E+00 4.191649E+00 4.243644E+00 4.312550E+00 4.384868E+00 4.483593E+00 4.580141E+00 4.704838E+00 4.837640E+00 4.964639E+00 1.013365E+00 
2.094003E+01 1.194211E+01 9.124645E+00 7.820299E+00 7.070654E+00 6.581008E+00 6.237496E+00 5.986426E+00 5.797241E+00 5.651541E+00 5.230676E+00 4.978821E+00 4.772548E+00 4.598738E+00 4.467907E+00 4.367947E+00 4.313524E+00 4.278582E+00 4.282097E+00 4.297039E+00 4.345161E+00 4.409975E+00 4.476864E+00 4.571784E+00 4.662897E+00 4.784031E+00 4.912891E+00 5.034634E+00 9.795464E-01 
2.038960E+01 1.163630E+01 8.918905E+00 7.671846E+00 6.959155E+00 6.494760E+00 6.168680E+00 5.929458E+00 5.748350E+00 5.607613E+00 5.188413E+00 4.925863E+00 4.707141E+00 4.525251E+00 4.386195E+00 4.282338E+00 4.221930E+00 4.186457E+00 4.185783E+00 4.202414E+00 4.248172E+00 4.311932E+00 4.382020E+00 4.476587E+00 4.571477E+00 4.692263E+00 4.821292E+00 4.948029E+00 9.660301E-01 
1.949900E+01 1.113745E+01 8.505183E+00 7.265630E+00 6.540658E+00 6.062135E+00 5.725071E+00 5.478671E+00 5.293021E+00 5.150125E+00 4.735152E+00 4.481622E+00 4.273375E+00 4.097440E+00 3.963838E+00 3.857844E+00 3.796402E+00 3.750111E+00 3.740574E+00 3.738443E+00 3.767720E+00 3.810448E+00 3.852560E+00 3.920096E+00 3.982204E+00 4.072683E+00 4.167912E+00 4.257101E+00 9.976732E-01 
2.323156E+01 1.320365E+01 1.003410E+01 8.568392E+00 7.731634E+00 7.188599E+00 6.809153E+00 6.532248E+00 6.323703E+00 6.163862E+00 5.718228E+00 5.459555E+00 5.247004E+00 5.058208E+00 4.913803E+00 4.790130E+00 4.718137E+00 4.654784E+00 4.639453E+00 4.624466E+00 4.651647E+00 4.693964E+00 4.726469E+00 4.798105E+00 4.853350E+00 4.950971E+00 5.052536E+00 5.136683E+00 9.818205E-01 
2.027813E+01 1.157793E+01 8.889743E+00 7.663218E+00 6.966112E+00 6.513219E+00 6.195443E+00 5.962190E+00 5.785265E+00 5.647228E+00 5.231137E+00 4.968481E+00 4.751334E+00 4.572814E+00 4.438452E+00 4.340729E+00 4.287277E+00 4.259215E+00 4.266159E+00 4.292044E+00 4.346787E+00 4.420573E+00 4.502308E+00 4.608503E+00 4.716960E+00 4.851220E+00 4.994864E+00 5.137293E+00 9.681528E-01 
2.079968E+01 1.186865E+01 9.078025E+00 7.789093E+00 7.049730E+00 6.567514E+00 6.229447E+00 5.982489E+00 5.796331E+00 5.652782E+00 5.238322E+00 4.991646E+00 4.790655E+00 4.625788E+00 4.503184E+00 4.414264E+00 4.369116E+00 4.347133E+00 4.361447E+00 4.391904E+00 4.453233E+00 4.533053E+00 4.618630E+00 4.731050E+00 4.843332E+00 4.984817E+00 5.135309E+00 5.282818E+00 9.899960E-01 
2.023030E+01 1.154669E+01 8.834722E+00 7.577788E+00 6.853123E+00 6.378432E+00 6.044593E+00 5.800082E+00 5.615365E+00 5.472238E+00 5.052293E+00 4.793252E+00 4.579506E+00 4.399264E+00 4.262353E+00 4.156707E+00 4.096070E+00 4.054945E+00 4.050851E+00 4.058195E+00 4.097013E+00 4.151615E+00 4.208187E+00 4.290734E+00 4.369627E+00 4.476509E+00 4.589962E+00 4.696708E+00 9.686216E-01 
2.062800E+01 1.177240E+01 8.992876E+00 7.699061E+00 6.951489E+00 6.461716E+00 6.117519E+00 5.865740E+00 5.675962E+00 5.529635E+00 5.106837E+00 4.856529E+00 4.654952E+00 4.489992E+00 4.367689E+00 4.277874E+00 4.231930E+00 4.207640E+00 4.219928E+00 4.245757E+00 4.303019E+00 4.377309E+00 4.456304E+00 4.561498E+00 4.665856E+00 4.798403E+00 4.939786E+00 5.077299E+00 1.053024E+00 
1.820212E+01 1.042720E+01 8.007983E+00 6.875423E+00 6.213531E+00 5.775747E+00 5.465922E+00 5.237945E+00 5.064628E+00 4.929348E+00 4.517500E+00 4.255124E+00 4.041900E+00 3.867254E+00 3.736522E+00 3.637486E+00 3.580760E+00 3.542782E+00 3.538401E+00 3.544145E+00 3.578213E+00 3.625690E+00 3.674918E+00 3.746273E+00 3.814645E+00 3.907409E+00 4.005599E+00 4.098948E+00 9.917863E-01 
1.882396E+01 1.077700E+01 8.269313E+00 7.098496E+00 6.417061E+00 5.967907E+00 5.651036E+00 5.418383E+00 5.242183E+00 5.105129E+00 4.694487E+00 4.441851E+00 4.239639E+00 4.077764E+00 3.959520E+00 3.876249E+00 3.834629E+00 3.816200E+00 3.830006E+00 3.860263E+00 3.917298E+00 3.990906E+00 4.071724E+00 4.174401E+00 4.279702E+00 4.408395E+00 4.545800E+00 4.683298E+00 1.040926E+00 
2.137164E+01 1.217861E+01 9.291579E+00 7.953285E+00 7.184051E+00 6.681890E+00 6.329686E+00 6.072368E+00 5.878650E+00 5.729637E+00 5.301937E+00 5.047865E+00 4.838737E+00 4.661832E+00 4.527313E+00 4.423840E+00 4.365348E+00 4.327353E+00 4.327315E+00 4.340009E+00 4.385264E+00 4.447763E+00 4.512102E+00 4.605054E+00 4.693465E+00 4.812845E+00 4.939433E+00 5.059189E+00 1.001988E+00 
2.301687E+01 1.309240E+01 9.945565E+00 8.481774E+00 7.641332E+00 7.093889E+00 6.710598E+00 6.430952E+00 6.220856E+00 6.059625E+00 5.606981E+00 5.351358E+00 5.145992E+00 4.972338E+00 4.841907E+00 4.741889E+00 4.689331E+00 4.656354E+00 4.663832E+00 4.683734E+00 4.738610E+00 4.812051E+00 4.887841E+00 4.994562E+00 5.097104E+00 5.232648E+00 5.377154E+00 5.514201E+00 1.142071E+00 
2.182325E+01 1.242859E+01 9.476530E+00 8.111307E+00 7.329205E+00 6.819933E+00 6.462968E+00 6.202317E+00 6.006145E+00 5.855217E+00 5.424073E+00 5.169197E+00 4.958978E+00 4.782312E+00 4.647381E+00 4.544600E+00 4.487728E+00 4.451958E+00 4.454469E+00 4.471370E+00 4.520747E+00 4.588412E+00 4.660079E+00 4.759670E+00 4.857329E+00 4.984104E+00 5.119874E+00 5.249574E+00 1.020720E+00 
2.831266E+01 1.601308E+01 1.209935E+01 1.032336E+01 9.343746E+00 8.728542E+00 8.308489E+00 8.006864E+00 7.782573E+00 7.612574E+00 7.161492E+00 6.927034E+00 6.732172E+00 6.558682E+00 6.422980E+00 6.316090E+00 6.260397E+00 6.225736E+00 6.238743E+00 6.268718E+00 6.340056E+00 6.437547E+00 6.537001E+00 6.678676E+00 6.813737E+00 6.991875E+00 7.183986E+00 7.361386E+00 9.300122E-01 
2.455661E+01 1.393766E+01 1.056275E+01 9.001666E+00 8.113109E+00 7.537970E+00 7.136557E+00 6.843970E+00 6.623996E+00 6.455361E+00 5.985976E+00 5.721030E+00 5.503561E+00 5.314042E+00 5.167093E+00 5.047257E+00 4.976774E+00 4.922740E+00 4.913452E+00 4.912838E+00 4.950508E+00 5.006999E+00 5.059559E+00 5.148694E+00 5.226573E+00 5.343247E+00 5.466712E+00 5.576001E+00 1.100040E+00 
2.849776E+01 1.612282E+01 1.216203E+01 1.034886E+01 9.338461E+00 8.698132E+00 8.257868E+00 7.940069E+00 7.702224E+00 7.521346E+00 7.039183E+00 6.787567E+00 6.584198E+00 6.401236E+00 6.259795E+00 6.139657E+00 6.073966E+00 6.019697E+00 6.019742E+00 6.022895E+00 6.073407E+00 6.146046E+00 6.208167E+00 6.319539E+00 6.411458E+00 6.554211E+00 6.706202E+00 6.833024E+00 1.047923E+00 
2.359085E+01 1.340197E+01 1.018332E+01 8.699596E+00 7.855991E+00 7.310256E+00 6.929465E+00 6.652275E+00 6.443967E+00 6.284672E+00 5.843173E+00 5.589964E+00 5.380266E+00 5.193602E+00 5.049915E+00 4.928338E+00 4.857720E+00 4.797931E+00 4.785549E+00 4.775790E+00 4.807560E+00 4.855797E+00 4.895365E+00 4.974254E+00 5.037221E+00 5.142760E+00 5.253019E+00 5.345941E+00 9.353994E-01 
2.074222E+01 1.182252E+01 8.993908E+00 7.659587E+00 6.880211E+00 6.366704E+00 6.005366E+00 5.741642E+00 5.543293E+00 5.391161E+00 4.959299E+00 4.702778E+00 4.492776E+00 4.311652E+00 4.173273E+00 4.060731E+00 3.994012E+00 3.940992E+00 3.927080E+00 3.919333E+00 3.945148E+00 3.984704E+00 4.022662E+00 4.088161E+00 4.147548E+00 4.237104E+00 4.331636E+00 4.419938E+00 1.057336E+00 
2.172588E+01 1.237553E+01 9.435268E+00 8.072776E+00 7.290416E+00 6.779836E+00 6.421430E+00 6.159084E+00 5.960588E+00 5.807041E+00 5.363386E+00 5.098199E+00 4.883011E+00 4.701925E+00 4.565428E+00 4.457572E+00 4.397148E+00 4.353081E+00 4.350588E+00 4.355249E+00 4.396033E+00 4.452580E+00 4.507017E+00 4.592564E+00 4.669504E+00 4.781081E+00 4.897869E+00 5.004792E+00 1.076701E+00 
2.189972E+01 1.246175E+01 9.483043E+00 8.097247E+00 7.298915E+00 6.776987E+00 6.410592E+00 6.142754E+00 5.941193E+00 5.786172E+00 5.342966E+00 5.078136E+00 4.855644E+00 4.663895E+00 4.513145E+00 4.393338E+00 4.318056E+00 4.263457E+00 4.246160E+00 4.241706E+00 4.268756E+00 4.312240E+00 4.357951E+00 4.430209E+00 4.498233E+00 4.594720E+00 4.697454E+00 4.793319E+00 9.960429E-01 
2.940899E+01 1.662720E+01 1.251107E+01 1.061647E+01 9.556370E+00 8.882822E+00 8.419159E+00 8.084518E+00 7.834290E+00 7.644466E+00 7.147813E+00 6.896807E+00 6.694353E+00 6.504667E+00 6.355920E+00 6.222664E+00 6.147016E+00 6.076091E+00 6.062596E+00 6.048500E+00 6.083344E+00 6.140205E+00 6.181171E+00 6.275410E+00 6.345556E+00 6.469093E+00 6.601425E+00 6.703782E+00 1.010910E+00 
2.397955E+01 1.361988E+01 1.035780E+01 8.865105E+00 8.023463E+00 7.482107E+00 7.105452E+00 6.831007E+00 6.624523E+00 6.465680E+00 6.013800E+00 5.751910E+00 5.536695E+00 5.352788E+00 5.212281E+00 5.104526E+00 5.045462E+00 5.008615E+00 5.013257E+00 5.033843E+00 5.089875E+00 5.166901E+00 5.247637E+00 5.360801E+00 5.470173E+00 5.613869E+00 5.767146E+00 5.913000E+00 1.067893E+00 
2.388200E+01 1.356520E+01 1.029481E+01 8.782303E+00 7.920140E+00 7.361503E+00 6.971438E+00 6.687199E+00 6.473732E+00 6.310005E+00 5.854048E+00 5.595242E+00 5.383191E+00 5.197517E+00 5.054840E+00 4.939155E+00 4.872796E+00 4.822263E+00 4.816362E+00 4.818247E+00 4.858598E+00 4.916966E+00 4.972320E+00 5.062995E+00 5.143595E+00 5.261828E+00 5.387008E+00 5.498778E+00 1.050627E+00 
2.204231E+01 1.255221E+01 9.566796E+00 8.185755E+00 7.394933E+00 6.880333E+00 6.519904E+00 6.256939E+00 6.059238E+00 5.907404E+00 5.477003E+00 5.226906E+00 5.022686E+00 4.850898E+00 4.721216E+00 4.622084E+00 4.568660E+00 4.535560E+00 4.541828E+00 4.560676E+00 4.613650E+00 4.684638E+00 4.757323E+00 4.860495E+00 4.958912E+00 5.090492E+00 5.229868E+00 5.361563E+00 1.015664E+00 
2.374740E+01 1.348998E+01 1.025955E+01 8.778787E+00 7.941441E+00 7.401888E+00 7.025878E+00 6.751736E+00 6.545335E+00 6.386639E+00 5.936612E+00 5.674435E+00 5.458575E+00 5.270915E+00 5.127238E+00 5.012106E+00 4.947292E+00 4.899127E+00 4.895092E+00 4.901229E+00 4.945072E+00 5.007933E+00 5.068123E+00 5.163954E+00 5.249565E+00 5.373396E+00 5.504037E+00 5.621505E+00 1.013704E+00 
2.027058E+01 1.157869E+01 8.902022E+00 7.686885E+00 6.999290E+00 6.553776E+00 6.241453E+00 6.012030E+00 5.837031E+00 5.700086E+00 5.286613E+00 5.024417E+00 4.813953E+00 4.638437E+00 4.511997E+00 4.414064E+00 4.365478E+00 4.331001E+00 4.339418E+00 4.353037E+00 4.404390E+00 4.470659E+00 4.531851E+00 4.626759E+00 4.708743E+00 4.829187E+00 4.954127E+00 5.064107E+00 9.730273E-01 
1.913068E+01 1.093889E+01 8.373443E+00 7.170431E+00 6.468395E+00 6.005148E+00 5.678434E+00 5.438972E+00 5.257897E+00 5.117518E+00 4.702799E+00 4.446310E+00 4.238272E+00 4.064805E+00 3.935126E+00 3.834627E+00 3.778695E+00 3.738626E+00 3.734650E+00 3.739426E+00 3.774936E+00 3.824239E+00 3.873258E+00 3.947475E+00 4.016545E+00 4.113883E+00 4.216115E+00 4.312429E+00 1.006273E+00 
1.833760E+01 1.049906E+01 8.052805E+00 6.904166E+00 6.231475E+00 5.786003E+00 5.470622E+00 5.238296E+00 5.061413E+00 4.923226E+00 4.502193E+00 4.233694E+00 4.015949E+00 3.837482E+00 3.703436E+00 3.600654E+00 3.540351E+00 3.498236E+00 3.489777E+00 3.490802E+00 3.520153E+00 3.562367E+00 3.605610E+00 3.670799E+00 3.732606E+00 3.818510E+00 3.909320E+00 3.994852E+00 1.039170E+00 
2.654484E+01 1.503569E+01 1.135650E+01 9.658173E+00 8.698132E+00 8.081265E+00 7.652970E+00 7.342065E+00 7.108692E+00 6.930541E+00 6.449841E+00 6.188790E+00 5.975000E+00 5.778752E+00 5.625466E+00 5.491650E+00 5.412279E+00 5.341048E+00 5.322425E+00 5.304454E+00 5.331618E+00 5.377517E+00 5.411803E+00 5.491205E+00 5.551013E+00 5.657821E+00 5.770735E+00 5.860900E+00 1.027149E+00 
2.856572E+01 1.616246E+01 1.218444E+01 1.035788E+01 9.336762E+00 8.687947E+00 8.241106E+00 7.918235E+00 7.677150E+00 7.493467E+00 7.006008E+00 6.754406E+00 6.552114E+00 6.367851E+00 6.225577E+00 6.103386E+00 6.036218E+00 5.978993E+00 5.975695E+00 5.976039E+00 6.022873E+00 6.091734E+00 6.149097E+00 6.256265E+00 6.343319E+00 6.481606E+00 6.628584E+00 6.750051E+00 1.053815E+00 
2.416573E+01 1.372387E+01 1.042363E+01 8.906487E+00 8.047577E+00 7.493952E+00 7.108290E+00 6.827658E+00 6.616910E+00 6.455528E+00 6.006614E+00 5.752847E+00 5.544968E+00 5.363873E+00 5.225579E+00 5.114021E+00 5.052327E+00 5.006301E+00 5.006342E+00 5.013495E+00 5.060887E+00 5.126769E+00 5.189051E+00 5.288688E+00 5.377022E+00 5.505181E+00 5.641146E+00 5.761795E+00 1.005864E+00 
2.222919E+01 1.265443E+01 9.665950E+00 8.301329E+00 7.529686E+00 7.031428E+00 6.683560E+00 6.429027E+00 6.236840E+00 6.087995E+00 5.654301E+00 5.392756E+00 5.178345E+00 5.000185E+00 4.865613E+00 4.765517E+00 4.712279E+00 4.682648E+00 4.692182E+00 4.717658E+00 4.776808E+00 4.855887E+00 4.939718E+00 5.053240E+00 5.164528E+00 5.307779E+00 5.460161E+00 5.607037E+00 1.029131E+00 
1.760478E+01 1.009820E+01 7.753982E+00 6.647225E+00 5.996106E+00 5.564547E+00 5.259823E+00 5.036448E+00 4.867702E+00 4.736600E+00 4.341493E+00 4.095097E+00 3.896184E+00 3.738435E+00 3.621745E+00 3.540328E+00 3.498143E+00 3.479836E+00 3.490201E+00 3.518116E+00 3.569122E+00 3.635941E+00 3.712401E+00 3.806474E+00 3.906144E+00 4.024139E+00 4.151241E+00 4.282438E+00 1.031039E+00 
2.288944E+01 1.301684E+01 9.918067E+00 8.497625E+00 7.693183E+00 7.173702E+00 6.811696E+00 6.548118E+00 6.350397E+00 6.198703E+00 5.770197E+00 5.520476E+00 5.311467E+00 5.134281E+00 4.997088E+00 4.893773E+00 4.836130E+00 4.803284E+00 4.808833E+00 4.832534E+00 4.888654E+00 4.965552E+00 5.050150E+00 5.162968E+00 5.276614E+00 5.419852E+00 5.573529E+00 5.724194E+00 9.683780E-01 
2.345564E+01 1.333013E+01 1.011935E+01 8.629704E+00 7.777246E+00 7.223392E+00 6.836287E+00 6.554355E+00 6.342705E+00 6.180594E+00 5.731680E+00 5.478116E+00 5.270973E+00 5.090203E+00 4.951886E+00 4.840624E+00 4.777562E+00 4.730763E+00 4.727240E+00 4.732485E+00 4.775013E+00 4.835406E+00 4.893470E+00 4.985972E+00 5.069073E+00 5.189373E+00 5.316549E+00 5.432028E+00 1.042841E+00 
2.191154E+01 1.248028E+01 9.527987E+00 8.170852E+00 7.397764E+00 6.895658E+00 6.544121E+00 6.286923E+00 6.092452E+00 5.941881E+00 5.503456E+00 5.241125E+00 5.028192E+00 4.850879E+00 4.718185E+00 4.619332E+00 4.567273E+00 4.537171E+00 4.545601E+00 4.569753E+00 4.626336E+00 4.701835E+00 4.781750E+00 4.890421E+00 4.997220E+00 5.134476E+00 5.280815E+00 5.421138E+00 1.070031E+00 
2.396978E+01 1.361352E+01 1.031757E+01 8.784509E+00 7.905969E+00 7.334755E+00 6.935252E+00 6.643997E+00 6.425040E+00 6.257533E+00 5.793520E+00 5.532153E+00 5.319137E+00 5.131205E+00 4.987059E+00 4.866667E+00 4.796486E+00 4.738818E+00 4.727120E+00 4.720045E+00 4.752795E+00 4.802360E+00 4.845417E+00 4.925841E+00 4.992893E+00 5.100070E+00 5.212795E+00 5.310705E+00 1.094420E+00 
1.912154E+01 1.093972E+01 8.408607E+00 7.241449E+00 6.569346E+00 6.128534E+00 5.818042E+00 5.590034E+00 5.416943E+00 5.282110E+00 4.876075E+00 4.618632E+00 4.406982E+00 4.231553E+00 4.100141E+00 4.001005E+00 3.946387E+00 3.911666E+00 3.912349E+00 3.925579E+00 3.968738E+00 4.027663E+00 4.089120E+00 4.175421E+00 4.258446E+00 4.368919E+00 4.485491E+00 4.597256E+00 9.120953E-01 
1.834083E+01 1.050528E+01 8.050050E+00 6.891653E+00 6.211598E+00 5.761584E+00 5.444136E+00 5.211543E+00 5.035827E+00 4.899826E+00 4.497654E+00 4.251532E+00 4.054981E+00 3.895841E+00 3.779435E+00 3.693488E+00 3.649408E+00 3.623592E+00 3.631531E+00 3.649569E+00 3.696615E+00 3.757589E+00 3.821162E+00 3.907707E+00 3.992498E+00 4.103170E+00 4.220215E+00 4.334575E+00 1.014161E+00 
1.883571E+01 1.077889E+01 8.281148E+00 7.123213E+00 6.452675E+00 6.011336E+00 5.699618E+00 5.469980E+00 5.295149E+00 5.158458E+00 4.742100E+00 4.475232E+00 4.256394E+00 4.077403E+00 3.942264E+00 3.840782E+00 3.781844E+00 3.744422E+00 3.740562E+00 3.750005E+00 3.787450E+00 3.839977E+00 3.895855E+00 3.974319E+00 4.051245E+00 4.152220E+00 4.259714E+00 4.362587E+00 9.814886E-01 
2.122179E+01 1.210109E+01 9.279373E+00 7.999084E+00 7.277211E+00 6.811267E+00 6.485476E+00 6.246650E+00 6.065362E+00 5.923972E+00 5.499583E+00 5.235466E+00 5.019906E+00 4.844922E+00 4.715121E+00 4.620927E+00 4.574651E+00 4.551507E+00 4.566995E+00 4.599096E+00 4.664082E+00 4.748548E+00 4.838609E+00 4.957564E+00 5.074848E+00 5.223627E+00 5.381489E+00 5.534645E+00 1.022956E+00 
2.065852E+01 1.178348E+01 9.013705E+00 7.735119E+00 7.001053E+00 6.521555E+00 6.184474E+00 5.937279E+00 5.750241E+00 5.605202E+00 5.176750E+00 4.911954E+00 4.692938E+00 4.509423E+00 4.369276E+00 4.262455E+00 4.200110E+00 4.159768E+00 4.155968E+00 4.166126E+00 4.206882E+00 4.264616E+00 4.325835E+00 4.412845E+00 4.497401E+00 4.609571E+00 4.728885E+00 4.842551E+00 1.004010E+00 
2.292298E+01 1.303888E+01 9.931050E+00 8.502254E+00 7.690506E+00 7.165136E+00 6.798135E+00 6.529803E+00 6.327288E+00 6.171168E+00 5.724720E+00 5.463421E+00 5.252174E+00 5.071999E+00 4.937501E+00 4.831041E+00 4.774824E+00 4.733906E+00 4.736771E+00 4.747800E+00 4.796939E+00 4.863472E+00 4.927203E+00 5.025556E+00 5.113969E+00 5.240127E+00 5.373313E+00 5.493208E+00 1.068422E+00 
1.738073E+01 9.980720E+00 7.678722E+00 6.594883E+00 5.957784E+00 5.535260E+00 5.236314E+00 5.016397E+00 4.849216E+00 4.718547E+00 4.320008E+00 4.071529E+00 3.875870E+00 3.722880E+00 3.613302E+00 3.536485E+00 3.500821E+00 3.485029E+00 3.500392E+00 3.528899E+00 3.583432E+00 3.652278E+00 3.725863E+00 3.820286E+00 3.915484E+00 4.033813E+00 4.159504E+00 4.284481E+00 1.026259E+00 
1.886373E+01 1.079120E+01 8.270310E+00 7.090608E+00 6.402707E+00 5.948754E+00 5.628424E+00 5.393441E+00 5.215664E+00 5.077639E+00 4.665600E+00 4.407700E+00 4.196666E+00 4.021671E+00 3.889868E+00 3.789867E+00 3.732360E+00 3.694549E+00 3.690586E+00 3.698524E+00 3.734691E+00 3.785513E+00 3.838662E+00 3.914883E+00 3.988450E+00 4.087426E+00 4.192123E+00 4.292751E+00 9.898202E-01 
2.548495E+01 1.445290E+01 1.096367E+01 9.370712E+00 8.478655E+00 7.909131E+00 7.515077E+00 7.229224E+00 7.014714E+00 6.850592E+00 6.396452E+00 6.143040E+00 5.934526E+00 5.755791E+00 5.618263E+00 5.511993E+00 5.454118E+00 5.418785E+00 5.427232E+00 5.450869E+00 5.512604E+00 5.596562E+00 5.682535E+00 5.805088E+00 5.922278E+00 6.076866E+00 6.242829E+00 6.396707E+00 1.039243E+00 
1.949037E+01 1.113720E+01 8.520532E+00 7.296199E+00 6.583605E+00 6.114241E+00 5.783582E+00 5.541500E+00 5.358672E+00 5.217389E+00 4.802999E+00 4.548179E+00 4.340225E+00 4.164910E+00 4.033313E+00 3.930237E+00 3.872056E+00 3.829767E+00 3.824769E+00 3.827463E+00 3.862284E+00 3.910893E+00 3.958859E+00 4.032923E+00 4.101583E+00 4.198836E+00 4.301429E+00 4.396757E+00 9.833050E-01 
1.781838E+01 1.021802E+01 7.851484E+00 6.739445E+00 6.087201E+00 5.654897E+00 5.348837E+00 5.123248E+00 4.951410E+00 4.816863E+00 4.405338E+00 4.144878E+00 3.937383E+00 3.770898E+00 3.648722E+00 3.558839E+00 3.511254E+00 3.482380E+00 3.485620E+00 3.500719E+00 3.542420E+00 3.597863E+00 3.656107E+00 3.735625E+00 3.813963E+00 3.915572E+00 4.023137E+00 4.127672E+00 1.041815E+00 
2.181599E+01 1.242704E+01 9.486881E+00 8.134053E+00 7.362793E+00 6.862102E+00 6.511839E+00 6.256199E+00 6.063960E+00 5.916008E+00 5.492053E+00 5.241675E+00 5.035172E+00 4.863286E+00 4.732701E+00 4.636099E+00 4.583826E+00 4.555798E+00 4.564993E+00 4.591426E+00 4.649361E+00 4.727105E+00 4.810610E+00 4.922202E+00 5.033265E+00 5.174073E+00 5.324572E+00 5.471428E+00 9.971855E-01 
2.339085E+01 1.328924E+01 1.008538E+01 8.597958E+00 7.745968E+00 7.191970E+00 6.804457E+00 6.522131E+00 6.310353E+00 6.148404E+00 5.699537E+00 5.443180E+00 5.229708E+00 5.041805E+00 4.894592E+00 4.775147E+00 4.702549E+00 4.647590E+00 4.634294E+00 4.630953E+00 4.663394E+00 4.713261E+00 4.762718E+00 4.843742E+00 4.917309E+00 5.024698E+00 5.138745E+00 5.242813E+00 9.832472E-01 
2.309118E+01 1.312209E+01 9.975038E+00 8.521271E+00 7.691509E+00 7.152658E+00 6.775591E+00 6.500149E+00 6.292475E+00 6.132643E+00 5.678134E+00 5.409432E+00 5.185244E+00 4.990091E+00 4.837726E+00 4.713430E+00 4.637444E+00 4.578185E+00 4.561497E+00 4.553649E+00 4.582113E+00 4.627777E+00 4.670295E+00 4.745771E+00 4.811225E+00 4.911674E+00 5.018126E+00 5.111061E+00 1.020805E+00 
2.264341E+01 1.287409E+01 9.765831E+00 8.309581E+00 7.466995E+00 6.915296E+00 6.528002E+00 6.245392E+00 6.032883E+00 5.870150E+00 5.415988E+00 5.152976E+00 4.936487E+00 4.745330E+00 4.597100E+00 4.473054E+00 4.397248E+00 4.333922E+00 4.313700E+00 4.298056E+00 4.319567E+00 4.355814E+00 4.387954E+00 4.452138E+00 4.506196E+00 4.595218E+00 4.688779E+00 4.771858E+00 1.063714E+00 
2.345741E+01 1.333297E+01 1.015092E+01 8.694136E+00 7.871173E+00 7.340985E+00 6.971340E+00 6.701881E+00 6.498874E+00 6.342643E+00 5.898130E+00 5.639123E+00 5.428120E+00 5.246443E+00 5.109757E+00 5.001342E+00 4.943247E+00 4.901355E+00 4.903852E+00 4.915293E+00 4.965424E+00 5.033902E+00 5.099638E+00 5.201133E+00 5.292602E+00 5.422355E+00 5.560009E+00 5.683029E+00 1.024409E+00 
2.025375E+01 1.155353E+01 8.813911E+00 7.529457E+00 6.781843E+00 6.289611E+00 5.943003E+00 5.689432E+00 5.497869E+00 5.350308E+00 4.923508E+00 4.662213E+00 4.447494E+00 4.261536E+00 4.120244E+00 4.002709E+00 3.932554E+00 3.873313E+00 3.855246E+00 3.839856E+00 3.860022E+00 3.892889E+00 3.919935E+00 3.976978E+00 4.023487E+00 4.103309E+00 4.186345E+00 4.258718E+00 1.002427E+00 
2.142716E+01 1.220484E+01 9.303737E+00 7.956175E+00 7.180090E+00 6.672290E+00 6.315485E+00 6.054278E+00 5.857121E+00 5.704888E+00 5.263404E+00 4.996796E+00 4.775999E+00 4.589308E+00 4.445286E+00 4.332448E+00 4.265690E+00 4.218054E+00 4.208714E+00 4.211227E+00 4.245944E+00 4.297145E+00 4.349845E+00 4.429730E+00 4.505241E+00 4.609623E+00 4.720763E+00 4.824264E+00 1.051097E+00 
1.976534E+01 1.128989E+01 8.636926E+00 7.399489E+00 6.681559E+00 6.209622E+00 5.877451E+00 5.634365E+00 5.451065E+00 5.309445E+00 4.895191E+00 4.641686E+00 4.433448E+00 4.258928E+00 4.126989E+00 4.026079E+00 3.968629E+00 3.930771E+00 3.928455E+00 3.937939E+00 3.977673E+00 4.032848E+00 4.089798E+00 4.172232E+00 4.250906E+00 4.357489E+00 4.470331E+00 4.577597E+00 9.769257E-01 
2.371508E+01 1.347491E+01 1.024626E+01 8.763715E+00 7.924317E+00 7.382886E+00 7.005648E+00 6.730859E+00 6.524188E+00 6.365214E+00 5.917997E+00 5.660824E+00 5.449518E+00 5.269126E+00 5.131370E+00 5.024364E+00 4.965409E+00 4.926671E+00 4.930046E+00 4.946735E+00 4.999406E+00 5.072045E+00 5.145540E+00 5.252793E+00 5.353551E+00 5.490516E+00 5.635756E+00 5.770902E+00 1.037638E+00 
1.987360E+01 1.135163E+01 8.690608E+00 7.454439E+00 6.739733E+00 6.270633E+00 5.940318E+00 5.698098E+00 5.514706E+00 5.372494E+00 4.951150E+00 4.691119E+00 4.478100E+00 4.302887E+00 4.170630E+00 4.072728E+00 4.018351E+00 3.986697E+00 3.989197E+00 4.007263E+00 4.053883E+00 4.117391E+00 4.187011E+00 4.279641E+00 4.373386E+00 4.490990E+00 4.617248E+00 4.741123E+00 1.036442E+00 
2.282214E+01 1.297636E+01 9.869054E+00 8.431956E+00 7.610566E+00 7.076804E+00 6.703361E+00 6.430880E+00 6.226064E+00 6.068598E+00 5.623619E+00 5.363965E+00 5.148382E+00 4.962011E+00 4.817535E+00 4.703208E+00 4.635074E+00 4.587103E+00 4.579203E+00 4.583588E+00 4.622140E+00 4.678833E+00 4.736250E+00 4.824256E+00 4.906348E+00 5.020700E+00 5.142663E+00 5.255020E+00 1.012945E+00 
2.516426E+01 1.427103E+01 1.080091E+01 9.195763E+00 8.283476E+00 7.694304E+00 7.284081E+00 6.985584E+00 6.761744E+00 6.590967E+00 6.127119E+00 5.870294E+00 5.658344E+00 5.465557E+00 5.315023E+00 5.185607E+00 5.108080E+00 5.040621E+00 5.022229E+00 5.006594E+00 5.033405E+00 5.077780E+00 5.112901E+00 5.189148E+00 5.248651E+00 5.351709E+00 5.460298E+00 5.549618E+00 9.818727E-01 
2.316062E+01 1.316191E+01 1.003266E+01 8.607143E+00 7.805165E+00 7.289675E+00 6.930846E+00 6.669182E+00 6.472166E+00 6.320074E+00 5.881935E+00 5.618618E+00 5.397376E+00 5.206510E+00 5.058384E+00 4.943263E+00 4.875767E+00 4.831320E+00 4.827461E+00 4.838981E+00 4.885205E+00 4.951291E+00 5.021729E+00 5.122257E+00 5.220319E+00 5.349063E+00 5.487704E+00 5.617978E+00 9.658480E-01 
2.101909E+01 1.197672E+01 9.137888E+00 7.819501E+00 7.059533E+00 6.562082E+00 6.212519E+00 5.956852E+00 5.763994E+00 5.615212E+00 5.184039E+00 4.920990E+00 4.700248E+00 4.511813E+00 4.364833E+00 4.249431E+00 4.178679E+00 4.128323E+00 4.114663E+00 4.113792E+00 4.143627E+00 4.189754E+00 4.238624E+00 4.312862E+00 4.383686E+00 4.481678E+00 4.586023E+00 4.684456E+00 9.662052E-01 
2.673712E+01 1.514050E+01 1.145263E+01 9.766180E+00 8.823015E+00 8.221947E+00 7.806554E+00 7.505431E+00 7.279782E+00 7.107299E+00 6.634221E+00 6.373403E+00 6.157255E+00 5.964025E+00 5.812607E+00 5.686882E+00 5.612987E+00 5.554853E+00 5.546090E+00 5.544851E+00 5.586430E+00 5.648764E+00 5.705708E+00 5.804459E+00 5.889656E+00 6.017545E+00 6.154539E+00 6.271239E+00 1.017881E+00 
2.641530E+01 1.496505E+01 1.130239E+01 9.609366E+00 8.650818E+00 8.034286E+00 7.606322E+00 7.295687E+00 7.063739E+00 6.887418E+00 6.415252E+00 6.165033E+00 5.955965E+00 5.768649E+00 5.618200E+00 5.494678E+00 5.419451E+00 5.363244E+00 5.350840E+00 5.351832E+00 5.390164E+00 5.449539E+00 5.509864E+00 5.605521E+00 5.694213E+00 5.819874E+00 5.954563E+00 6.077630E+00 9.717647E-01 
1.931496E+01 1.103494E+01 8.428131E+00 7.198937E+00 6.478887E+00 6.002992E+00 5.667336E+00 5.421581E+00 5.236293E+00 5.093005E+00 4.671611E+00 4.412637E+00 4.199958E+00 4.023762E+00 3.889320E+00 3.786738E+00 3.726472E+00 3.686226E+00 3.678958E+00 3.684657E+00 3.717593E+00 3.765218E+00 3.816602E+00 3.889638E+00 3.962000E+00 4.057406E+00 4.159298E+00 4.258868E+00 1.050658E+00 
1.905923E+01 1.089090E+01 8.323844E+00 7.114042E+00 6.405060E+00 5.936135E+00 5.605169E+00 5.362619E+00 5.179519E+00 5.037760E+00 4.617614E+00 4.354706E+00 4.136721E+00 3.954405E+00 3.813920E+00 3.705903E+00 3.639232E+00 3.593155E+00 3.579367E+00 3.578610E+00 3.604209E+00 3.644071E+00 3.687950E+00 3.752123E+00 3.815944E+00 3.901361E+00 3.992516E+00 4.081755E+00 1.013082E+00 
2.365338E+01 1.344053E+01 1.023053E+01 8.762612E+00 7.934698E+00 7.401949E+00 7.030978E+00 6.760084E+00 6.555759E+00 6.398237E+00 5.947973E+00 5.684393E+00 5.469705E+00 5.285783E+00 5.147417E+00 5.038136E+00 4.979625E+00 4.937875E+00 4.940514E+00 4.952900E+00 5.003785E+00 5.073372E+00 5.140803E+00 5.243852E+00 5.337117E+00 5.468698E+00 5.608173E+00 5.733504E+00 1.061861E+00 
2.371239E+01 1.347080E+01 1.023281E+01 8.739062E+00 7.889094E+00 7.338614E+00 6.953919E+00 6.672523E+00 6.460064E+00 6.296271E+00 5.830707E+00 5.558725E+00 5.337264E+00 5.145414E+00 4.998814E+00 4.878545E+00 4.809297E+00 4.753582E+00 4.743683E+00 4.739149E+00 4.774195E+00 4.826294E+00 4.872491E+00 4.955291E+00 5.024822E+00 5.134143E+00 5.248518E+00 5.347837E+00 1.109844E+00 
1.863643E+01 1.067165E+01 8.190106E+00 7.030001E+00 6.353692E+00 5.907261E+00 5.591793E+00 5.359751E+00 5.183199E+00 5.045705E+00 4.631676E+00 4.373219E+00 4.167680E+00 3.998669E+00 3.875572E+00 3.781078E+00 3.730565E+00 3.695142E+00 3.696654E+00 3.703955E+00 3.743598E+00 3.796053E+00 3.846515E+00 3.922962E+00 3.992970E+00 4.092892E+00 4.196791E+00 4.293638E+00 1.032238E+00 
1.952610E+01 1.115371E+01 8.529715E+00 7.301211E+00 6.585586E+00 6.113503E+00 5.780383E+00 5.535919E+00 5.350650E+00 5.206866E+00 4.780064E+00 4.513845E+00 4.295846E+00 4.112713E+00 3.973915E+00 3.864216E+00 3.798981E+00 3.750295E+00 3.738112E+00 3.734097E+00 3.761190E+00 3.801804E+00 3.841055E+00 3.905952E+00 3.964458E+00 4.051497E+00 4.142692E+00 4.226343E+00 1.029247E+00 
2.178415E+01 1.241020E+01 9.488691E+00 8.153617E+00 7.397246E+00 6.908056E+00 6.566256E+00 6.316500E+00 6.127911E+00 5.981849E+00 5.557545E+00 5.301329E+00 5.090464E+00 4.915177E+00 4.783175E+00 4.684017E+00 4.631058E+00 4.600197E+00 4.609324E+00 4.631549E+00 4.688450E+00 4.764031E+00 4.842688E+00 4.951413E+00 5.056200E+00 5.193766E+00 5.339540E+00 5.478419E+00 9.730452E-01 
1.882615E+01 1.077052E+01 8.250599E+00 7.068019E+00 6.376767E+00 5.919853E+00 5.597040E+00 5.359847E+00 5.179974E+00 5.040058E+00 4.619249E+00 4.356388E+00 4.143633E+00 3.969194E+00 3.838732E+00 3.740846E+00 3.685539E+00 3.650265E+00 3.648372E+00 3.658470E+00 3.696552E+00 3.749040E+00 3.804885E+00 3.882698E+00 3.959313E+00 4.059506E+00 4.166223E+00 4.269433E+00 1.059303E+00 
2.452984E+01 1.392330E+01 1.057188E+01 9.035126E+00 8.168118E+00 7.610746E+00 7.223306E+00 6.941203E+00 6.729025E+00 6.566282E+00 6.112598E+00 5.853802E+00 5.641048E+00 5.456201E+00 5.314178E+00 5.199014E+00 5.133996E+00 5.085104E+00 5.082633E+00 5.087486E+00 5.132970E+00 5.197095E+00 5.257197E+00 5.355364E+00 5.441579E+00 5.568093E+00 5.702468E+00 5.820326E+00 1.015604E+00 
2.289156E+01 1.301328E+01 9.882730E+00 8.426713E+00 7.590227E+00 7.044851E+00 6.662687E+00 6.383682E+00 6.173927E+00 6.013080E+00 5.559746E+00 5.296604E+00 5.077956E+00 4.889055E+00 4.741408E+00 4.622786E+00 4.551313E+00 4.497926E+00 4.485039E+00 4.482970E+00 4.515190E+00 4.564586E+00 4.614094E+00 4.693657E+00 4.766861E+00 4.872107E+00 4.983948E+00 5.086700E+00 1.048984E+00 
2.069454E+01 1.180688E+01 9.030567E+00 7.747396E+00 7.010363E+00 6.528870E+00 6.190683E+00 5.942706E+00 5.755219E+00 5.610021E+00 5.185114E+00 4.926354E+00 4.715444E+00 4.539958E+00 4.408200E+00 4.307624E+00 4.252661E+00 4.216886E+00 4.219701E+00 4.233113E+00 4.279738E+00 4.342724E+00 4.406848E+00 4.499028E+00 4.586115E+00 4.704388E+00 4.828982E+00 4.946659E+00 1.002368E+00 
2.997540E+01 1.694008E+01 1.275041E+01 1.083340E+01 9.769958E+00 9.099944E+00 8.641466E+00 8.311657E+00 8.066537E+00 7.880936E+00 7.396925E+00 7.156241E+00 6.959965E+00 6.781559E+00 6.640434E+00 6.522591E+00 6.457493E+00 6.408101E+00 6.410431E+00 6.423461E+00 6.481092E+00 6.564429E+00 6.641657E+00 6.767431E+00 6.878289E+00 7.037945E+00 7.210062E+00 7.358772E+00 9.885854E-01 
2.566211E+01 1.455447E+01 1.103701E+01 9.429419E+00 8.528319E+00 7.952877E+00 7.554842E+00 7.266177E+00 7.049906E+00 6.884812E+00 6.431959E+00 6.183713E+00 5.982986E+00 5.806376E+00 5.673522E+00 5.565587E+00 5.509160E+00 5.467351E+00 5.474496E+00 5.487761E+00 5.544644E+00 5.621373E+00 5.691774E+00 5.805157E+00 5.903496E+00 6.047844E+00 6.200257E+00 6.333911E+00 1.009327E+00 
2.381905E+01 1.353376E+01 1.029884E+01 8.819545E+00 7.985709E+00 7.449850E+00 7.077348E+00 6.806339E+00 6.602747E+00 6.446476E+00 6.007057E+00 5.755165E+00 5.548798E+00 5.371790E+00 5.237961E+00 5.133726E+00 5.077853E+00 5.041269E+00 5.048220E+00 5.066656E+00 5.123147E+00 5.199317E+00 5.274848E+00 5.385983E+00 5.489192E+00 5.629987E+00 5.780034E+00 5.916816E+00 9.875005E-01 
2.248573E+01 1.278961E+01 9.736121E+00 8.325592E+00 7.519698E+00 6.996162E+00 6.630002E+00 6.362983E+00 6.162667E+00 6.009050E+00 5.576278E+00 5.322624E+00 5.109500E+00 4.925230E+00 4.780944E+00 4.668332E+00 4.600714E+00 4.554906E+00 4.547483E+00 4.554843E+00 4.594591E+00 4.652866E+00 4.715439E+00 4.805710E+00 4.893661E+00 5.010780E+00 5.136173E+00 5.255841E+00 9.371188E-01 
2.204744E+01 1.255301E+01 9.554209E+00 8.158940E+00 7.355647E+00 6.831193E+00 6.463712E+00 6.195670E+00 5.994243E+00 5.839851E+00 5.405808E+00 5.155560E+00 4.951281E+00 4.777317E+00 4.645540E+00 4.542178E+00 4.485081E+00 4.445688E+00 4.446680E+00 4.457654E+00 4.503407E+00 4.566424E+00 4.628645E+00 4.722262E+00 4.808935E+00 4.929684E+00 5.057492E+00 5.176240E+00 1.033700E+00 
2.490634E+01 1.412963E+01 1.071207E+01 9.140145E+00 8.251325E+00 7.679264E+00 7.281468E+00 6.992250E+00 6.775388E+00 6.609368E+00 6.151854E+00 5.895306E+00 5.683304E+00 5.494363E+00 5.347751E+00 5.226667E+00 5.156271E+00 5.100615E+00 5.092015E+00 5.090219E+00 5.129038E+00 5.186832E+00 5.239684E+00 5.331126E+00 5.409950E+00 5.529393E+00 5.656053E+00 5.765933E+00 9.895494E-01 
2.493917E+01 1.414455E+01 1.072987E+01 9.165412E+00 8.284207E+00 7.718467E+00 7.325470E+00 7.039559E+00 6.824639E+00 6.659807E+00 6.200006E+00 5.936813E+00 5.716982E+00 5.522510E+00 5.370310E+00 5.245467E+00 5.170530E+00 5.112829E+00 5.100743E+00 5.098007E+00 5.134468E+00 5.190480E+00 5.242629E+00 5.332433E+00 5.410437E+00 5.528053E+00 5.652862E+00 5.761409E+00 9.907404E-01 
2.422640E+01 1.375623E+01 1.045926E+01 8.952511E+00 8.104825E+00 7.560826E+00 7.182885E+00 6.907835E+00 6.701096E+00 6.542149E+00 6.093707E+00 5.835196E+00 5.622281E+00 5.438846E+00 5.298663E+00 5.188784E+00 5.127795E+00 5.086679E+00 5.089116E+00 5.103948E+00 5.156568E+00 5.229307E+00 5.301798E+00 5.409842E+00 5.510269E+00 5.647822E+00 5.794496E+00 5.928038E+00 1.014571E+00 
2.653044E+01 1.502884E+01 1.137326E+01 9.700904E+00 8.764688E+00 8.167649E+00 7.755115E+00 7.456184E+00 7.232196E+00 7.061322E+00 6.594705E+00 6.339196E+00 6.129640E+00 5.940584E+00 5.794295E+00 5.671038E+00 5.601986E+00 5.544284E+00 5.537402E+00 5.536193E+00 5.578421E+00 5.641363E+00 5.695393E+00 5.794142E+00 5.875458E+00 6.003695E+00 6.139128E+00 6.253117E+00 9.905181E-01 
1.792836E+01 1.028477E+01 7.928737E+00 6.837230E+00 6.203857E+00 5.785845E+00 5.489915E+00 5.271158E+00 5.103812E+00 4.972131E+00 4.561654E+00 4.297084E+00 4.084401E+00 3.915097E+00 3.790985E+00 3.701732E+00 3.654329E+00 3.629148E+00 3.636459E+00 3.657513E+00 3.705807E+00 3.769401E+00 3.837348E+00 3.926975E+00 4.016652E+00 4.129781E+00 4.249850E+00 4.367353E+00 1.002963E+00 
2.345469E+01 1.332573E+01 1.013998E+01 8.680172E+00 7.854694E+00 7.322501E+00 6.951759E+00 6.681781E+00 6.478573E+00 6.322396E+00 5.882578E+00 5.624910E+00 5.410049E+00 5.222094E+00 5.076609E+00 4.958953E+00 4.891161E+00 4.839530E+00 4.831971E+00 4.833820E+00 4.873499E+00 4.931678E+00 4.987075E+00 5.077400E+00 5.157568E+00 5.275215E+00 5.399849E+00 5.510081E+00 9.400327E-01 
2.340495E+01 1.330316E+01 1.012112E+01 8.659107E+00 7.830158E+00 7.294750E+00 6.921374E+00 6.649204E+00 6.444556E+00 6.287002E+00 5.842308E+00 5.584942E+00 5.373604E+00 5.192743E+00 5.054815E+00 4.947176E+00 4.887920E+00 4.847911E+00 4.849979E+00 4.864671E+00 4.915312E+00 4.985388E+00 5.055686E+00 5.159589E+00 5.256387E+00 5.389294E+00 5.530016E+00 5.660552E+00 1.025836E+00 
2.931965E+01 1.657456E+01 1.246307E+01 1.056501E+01 9.499069E+00 8.819752E+00 8.350967E+00 8.012211E+00 7.759996E+00 7.568845E+00 7.070023E+00 6.821499E+00 6.614367E+00 6.423357E+00 6.266111E+00 6.133231E+00 6.049180E+00 5.983778E+00 5.964941E+00 5.959530E+00 5.994205E+00 6.052150E+00 6.109575E+00 6.207168E+00 6.295423E+00 6.424169E+00 6.563664E+00 6.687760E+00 9.423786E-01 
1.995901E+01 1.139836E+01 8.740069E+00 7.515600E+00 6.812787E+00 6.353291E+00 6.030135E+00 5.792830E+00 5.612986E+00 5.473179E+00 5.056067E+00 4.793356E+00 4.575134E+00 4.393845E+00 4.255653E+00 4.151091E+00 4.090677E+00 4.052120E+00 4.048986E+00 4.060608E+00 4.101673E+00 4.159701E+00 4.221392E+00 4.308034E+00 4.392455E+00 4.503751E+00 4.622036E+00 4.735609E+00 9.528927E-01 
2.071346E+01 1.180296E+01 8.983369E+00 7.656586E+00 6.882750E+00 6.372769E+00 6.013463E+00 5.750478E+00 5.552022E+00 5.399112E+00 4.957288E+00 4.688423E+00 4.465842E+00 4.273979E+00 4.125300E+00 4.003821E+00 3.927745E+00 3.866645E+00 3.843797E+00 3.827765E+00 3.844219E+00 3.873986E+00 3.901703E+00 3.956045E+00 4.003063E+00 4.079591E+00 4.159850E+00 4.232258E+00 1.056514E+00 
2.262462E+01 1.287090E+01 9.803738E+00 8.391074E+00 7.586531E+00 7.064938E+00 6.700460E+00 6.434678E+00 6.234529E+00 6.080648E+00 5.644737E+00 5.389655E+00 5.179280E+00 4.999393E+00 4.861996E+00 4.754538E+00 4.695098E+00 4.654001E+00 4.654154E+00 4.666222E+00 4.713579E+00 4.779347E+00 4.845551E+00 4.943438E+00 5.034983E+00 5.160767E+00 5.294269E+00 5.417749E+00 9.945103E-01 
1.956803E+01 1.118016E+01 8.567047E+00 7.354354E+00 6.653061E+00 6.192460E+00 5.868034E+00 5.630120E+00 5.450170E+00 5.310596E+00 4.895366E+00 4.634930E+00 4.418131E+00 4.237708E+00 4.099423E+00 3.994043E+00 3.932316E+00 3.891556E+00 3.885479E+00 3.892938E+00 3.929389E+00 3.981458E+00 4.037589E+00 4.116954E+00 4.194760E+00 4.297685E+00 4.407184E+00 4.512668E+00 9.546161E-01 
2.269126E+01 1.290745E+01 9.838173E+00 8.430261E+00 7.631634E+00 7.115208E+00 6.754350E+00 6.490861E+00 6.292274E+00 6.139158E+00 5.699356E+00 5.438338E+00 5.222373E+00 5.040662E+00 4.901143E+00 4.795135E+00 4.734880E+00 4.698300E+00 4.700668E+00 4.718946E+00 4.770624E+00 4.841817E+00 4.917170E+00 5.022268E+00 5.124703E+00 5.258789E+00 5.401706E+00 5.538015E+00 1.031396E+00 
1.917330E+01 1.096329E+01 8.391886E+00 7.186312E+00 6.482903E+00 6.018727E+00 5.691214E+00 5.450998E+00 5.269021E+00 5.127806E+00 4.708686E+00 4.450042E+00 4.240623E+00 4.069189E+00 3.941204E+00 3.845184E+00 3.792182E+00 3.758646E+00 3.759178E+00 3.772110E+00 3.813501E+00 3.869973E+00 3.929020E+00 4.011652E+00 4.091985E+00 4.198333E+00 4.310736E+00 4.419883E+00 1.051016E+00 
3.003523E+01 1.698332E+01 1.275986E+01 1.080658E+01 9.709305E+00 9.010449E+00 8.528318E+00 8.179973E+00 7.919831E+00 7.722547E+00 7.210579E+00 6.959346E+00 6.760490E+00 6.575466E+00 6.431556E+00 6.301972E+00 6.229689E+00 6.161762E+00 6.151849E+00 6.140956E+00 6.179373E+00 6.240268E+00 6.284416E+00 6.383427E+00 6.457782E+00 6.587307E+00 6.725782E+00 6.834841E+00 1.101585E+00 
2.650000E+01 1.501484E+01 1.135375E+01 9.671296E+00 8.724793E+00 8.118903E+00 7.699134E+00 7.394553E+00 7.166378E+00 6.991732E+00 6.515397E+00 6.256531E+00 6.044861E+00 5.858368E+00 5.713246E+00 5.596339E+00 5.530464E+00 5.482979E+00 5.481902E+00 5.492554E+00 5.543279E+00 5.615772E+00 5.687297E+00 5.797403E+00 5.898787E+00 6.039400E+00 6.190572E+00 6.326719E+00 1.094367E+00 
1.968431E+01 1.125077E+01 8.620505E+00 7.398755E+00 6.692358E+00 6.228777E+00 5.902473E+00 5.663307E+00 5.482573E+00 5.342443E+00 4.927826E+00 4.674209E+00 4.468564E+00 4.300333E+00 4.175373E+00 4.084523E+00 4.037217E+00 4.012350E+00 4.021665E+00 4.046846E+00 4.100689E+00 4.171734E+00 4.249059E+00 4.349821E+00 4.451612E+00 4.578861E+00 4.714676E+00 4.848933E+00 1.018478E+00 
2.047903E+01 1.168157E+01 8.913019E+00 7.618150E+00 6.866507E+00 6.372603E+00 6.025212E+00 5.771344E+00 5.579568E+00 5.432035E+00 5.007876E+00 4.751596E+00 4.542202E+00 4.362444E+00 4.226710E+00 4.116128E+00 4.053250E+00 4.002275E+00 3.992211E+00 3.986667E+00 4.016466E+00 4.059985E+00 4.099345E+00 4.168728E+00 4.228831E+00 4.322119E+00 4.419793E+00 4.507493E+00 1.002342E+00 
1.690121E+01 9.684248E+00 7.407363E+00 6.313845E+00 5.661898E+00 5.227098E+00 4.919726E+00 4.694647E+00 4.524803E+00 4.392758E+00 3.989124E+00 3.725362E+00 3.504866E+00 3.323380E+00 3.182020E+00 3.075053E+00 3.005080E+00 2.957853E+00 2.936140E+00 2.930393E+00 2.943887E+00 2.970177E+00 3.004324E+00 3.051512E+00 3.103368E+00 3.168133E+00 3.239004E+00 3.313759E+00 1.049926E+00 
2.010872E+01 1.147153E+01 8.745543E+00 7.462552E+00 6.713287E+00 6.219076E+00 5.870834E+00 5.616102E+00 5.424039E+00 5.275879E+00 4.845524E+00 4.583436E+00 4.366853E+00 4.183952E+00 4.043036E+00 3.931993E+00 3.864912E+00 3.815733E+00 3.801992E+00 3.798926E+00 3.825458E+00 3.866338E+00 3.908578E+00 3.974833E+00 4.037692E+00 4.126517E+00 4.220689E+00 4.310243E+00 1.044083E+00 
2.168701E+01 1.235113E+01 9.431317E+00 8.089080E+00 7.323855E+00 6.826943E+00 6.479098E+00 6.224963E+00 6.033502E+00 5.885934E+00 5.460495E+00 5.203984E+00 4.989655E+00 4.807188E+00 4.666786E+00 4.558059E+00 4.494648E+00 4.452927E+00 4.449617E+00 4.460088E+00 4.503202E+00 4.564622E+00 4.628000E+00 4.720598E+00 4.808475E+00 4.927549E+00 5.054179E+00 5.172851E+00 9.420138E-01 
2.215283E+01 1.260389E+01 9.591525E+00 8.193326E+00 7.390118E+00 6.866235E+00 6.499071E+00 6.231077E+00 6.029768E+00 5.875230E+00 5.437161E+00 5.178238E+00 4.960988E+00 4.773679E+00 4.626564E+00 4.511532E+00 4.440843E+00 4.392312E+00 4.380760E+00 4.384417E+00 4.418937E+00 4.471311E+00 4.528431E+00 4.611368E+00 4.693248E+00 4.801875E+00 4.918318E+00 5.030709E+00 9.793958E-01 
2.465291E+01 1.398714E+01 1.061489E+01 9.068025E+00 8.195063E+00 7.633679E+00 7.242886E+00 6.958217E+00 6.743549E+00 6.578787E+00 6.117993E+00 5.851087E+00 5.631099E+00 5.432384E+00 5.279455E+00 5.146260E+00 5.068218E+00 4.996443E+00 4.976379E+00 4.955304E+00 4.978806E+00 5.018886E+00 5.045913E+00 5.116464E+00 5.166419E+00 5.262961E+00 5.363233E+00 5.441476E+00 9.915090E-01 
2.414586E+01 1.370814E+01 1.040980E+01 8.893606E+00 8.034973E+00 7.481114E+00 7.095194E+00 6.813588E+00 6.601540E+00 6.438598E+00 5.981449E+00 5.716442E+00 5.497543E+00 5.305567E+00 5.157136E+00 5.033960E+00 4.961406E+00 4.902751E+00 4.890736E+00 4.883963E+00 4.917745E+00 4.968946E+00 5.013837E+00 5.096529E+00 5.165723E+00 5.274855E+00 5.390244E+00 5.488104E+00 1.015201E+00 
2.324066E+01 1.319865E+01 1.000157E+01 8.507398E+00 7.645642E+00 7.082452E+00 6.687379E+00 6.398965E+00 6.182171E+00 6.016040E+00 5.552049E+00 5.282082E+00 5.054917E+00 4.853227E+00 4.692150E+00 4.557434E+00 4.469892E+00 4.398120E+00 4.367523E+00 4.345196E+00 4.357797E+00 4.386016E+00 4.412221E+00 4.468521E+00 4.516488E+00 4.596511E+00 4.681526E+00 4.756493E+00 1.017798E+00 
2.152191E+01 1.226353E+01 9.374128E+00 8.048289E+00 7.293793E+00 6.804380E+00 6.462143E+00 6.212324E+00 6.024210E+00 5.879304E+00 5.461868E+00 5.211393E+00 5.004188E+00 4.827790E+00 4.694180E+00 4.591386E+00 4.535621E+00 4.499245E+00 4.502591E+00 4.518394E+00 4.568318E+00 4.636271E+00 4.705866E+00 4.805349E+00 4.899824E+00 5.026896E+00 5.161659E+00 5.287947E+00 9.156665E-01 
2.322935E+01 1.320533E+01 1.006743E+01 8.637993E+00 7.834167E+00 7.317942E+00 6.958939E+00 6.697314E+00 6.500493E+00 6.348965E+00 5.916037E+00 5.660846E+00 5.449338E+00 5.271064E+00 5.134878E+00 5.032366E+00 4.976547E+00 4.945067E+00 4.954229E+00 4.979619E+00 5.040098E+00 5.121180E+00 5.207729E+00 5.325253E+00 5.441236E+00 5.589258E+00 5.748354E+00 5.900179E+00 9.877107E-01 
2.070825E+01 1.180328E+01 8.993765E+00 7.677315E+00 6.912285E+00 6.409258E+00 6.055275E+00 5.796474E+00 5.601848E+00 5.452005E+00 5.019789E+00 4.758856E+00 4.540911E+00 4.356002E+00 4.211895E+00 4.099851E+00 4.030446E+00 3.982448E+00 3.969167E+00 3.969635E+00 3.998925E+00 4.044120E+00 4.093540E+00 4.166044E+00 4.237730E+00 4.333768E+00 4.436398E+00 4.536157E+00 1.018401E+00 
2.187765E+01 1.246336E+01 9.532063E+00 8.195129E+00 7.439014E+00 6.950711E+00 6.609827E+00 6.360831E+00 6.172653E+00 6.027193E+00 5.604608E+00 5.349931E+00 5.142077E+00 4.967681E+00 4.837982E+00 4.737112E+00 4.685828E+00 4.650493E+00 4.658309E+00 4.674725E+00 4.728438E+00 4.799489E+00 4.867904E+00 4.970564E+00 5.063516E+00 5.193791E+00 5.331108E+00 5.455234E+00 9.634691E-01 
1.994728E+01 1.138657E+01 8.696282E+00 7.435964E+00 6.702453E+00 6.219523E+00 5.879624E+00 5.631128E+00 5.443500E+00 5.299050E+00 4.881505E+00 4.626228E+00 4.416764E+00 4.236571E+00 4.100383E+00 3.988538E+00 3.923391E+00 3.869890E+00 3.856822E+00 3.847286E+00 3.872749E+00 3.911232E+00 3.944649E+00 4.007730E+00 4.061014E+00 4.147331E+00 4.237325E+00 4.317472E+00 9.727833E-01 
2.434839E+01 1.382204E+01 1.047889E+01 8.932344E+00 8.051679E+00 7.481853E+00 7.084587E+00 6.795698E+00 6.579097E+00 6.413580E+00 5.960877E+00 5.708785E+00 5.501384E+00 5.316376E+00 5.173390E+00 5.054519E+00 4.985491E+00 4.930114E+00 4.920788E+00 4.917548E+00 4.954267E+00 5.009080E+00 5.057991E+00 5.145081E+00 5.219011E+00 5.333710E+00 5.454878E+00 5.560000E+00 9.896055E-01 
2.074567E+01 1.183565E+01 9.068307E+00 7.800626E+00 7.078381E+00 6.608795E+00 6.279460E+00 6.037804E+00 5.854822E+00 5.712617E+00 5.290798E+00 5.029288E+00 4.814289E+00 4.636685E+00 4.502697E+00 4.402982E+00 4.348416E+00 4.316808E+00 4.322537E+00 4.342868E+00 4.394995E+00 4.465168E+00 4.539989E+00 4.641492E+00 4.741215E+00 4.870023E+00 5.006788E+00 5.139179E+00 9.804813E-01 
2.655980E+01 1.504834E+01 1.137625E+01 9.687220E+00 8.736449E+00 8.127434E+00 7.705703E+00 7.400105E+00 7.171566E+00 6.997638E+00 6.530306E+00 6.281606E+00 6.077793E+00 5.895048E+00 5.752958E+00 5.633905E+00 5.566467E+00 5.512587E+00 5.508170E+00 5.510089E+00 5.554766E+00 5.620382E+00 5.678297E+00 5.780072E+00 5.865971E+00 5.997659E+00 6.137374E+00 6.257269E+00 9.974734E-01 
2.169248E+01 1.235565E+01 9.424507E+00 8.069298E+00 7.292468E+00 6.785950E+00 6.430593E+00 6.170406E+00 5.973767E+00 5.821754E+00 5.380781E+00 5.116091E+00 4.899675E+00 4.716769E+00 4.578130E+00 4.470504E+00 4.409906E+00 4.368372E+00 4.366304E+00 4.375487E+00 4.418446E+00 4.478495E+00 4.539463E+00 4.629481E+00 4.714034E+00 4.830285E+00 4.953338E+00 5.068082E+00 1.055306E+00 
1.922657E+01 1.100058E+01 8.474975E+00 7.324170E+00 6.668568E+00 6.241437E+00 5.941088E+00 5.720216E+00 5.552156E+00 5.420477E+00 5.017557E+00 4.758410E+00 4.544464E+00 4.371928E+00 4.243130E+00 4.151783E+00 4.102777E+00 4.080614E+00 4.091599E+00 4.122234E+00 4.180165E+00 4.256753E+00 4.342903E+00 4.451404E+00 4.564498E+00 4.700220E+00 4.846627E+00 4.993606E+00 9.276583E-01 
2.332449E+01 1.325700E+01 1.007063E+01 8.594756E+00 7.751266E+00 7.203516E+00 6.820586E+00 6.541415E+00 6.331351E+00 6.170384E+00 5.720708E+00 5.462578E+00 5.252066E+00 5.066013E+00 4.924335E+00 4.805669E+00 4.738616E+00 4.681870E+00 4.671889E+00 4.664966E+00 4.698635E+00 4.748460E+00 4.791103E+00 4.870953E+00 4.936929E+00 5.043539E+00 5.155138E+00 5.251243E+00 1.022542E+00 
2.639438E+01 1.495570E+01 1.129974E+01 9.611417E+00 8.656425E+00 8.042749E+00 7.616538E+00 7.307283E+00 7.075532E+00 6.899147E+00 6.427306E+00 6.174320E+00 5.967764E+00 5.778827E+00 5.632279E+00 5.503273E+00 5.429556E+00 5.361721E+00 5.347256E+00 5.332506E+00 5.363649E+00 5.413479E+00 5.450374E+00 5.533781E+00 5.596834E+00 5.708102E+00 5.825827E+00 5.920216E+00 1.001178E+00 
1.556296E+01 8.962547E+00 6.903304E+00 5.917163E+00 5.328520E+00 4.934966E+00 4.655504E+00 4.449418E+00 4.292222E+00 4.168229E+00 3.776008E+00 3.519989E+00 3.315763E+00 3.156158E+00 3.038331E+00 2.955800E+00 2.909495E+00 2.885952E+00 2.886643E+00 2.904028E+00 2.939530E+00 2.988396E+00 3.046266E+00 3.117054E+00 3.194270E+00 3.283954E+00 3.381266E+00 3.484209E+00 1.053973E+00 
2.278473E+01 1.295260E+01 9.822877E+00 8.356875E+00 7.509108E+00 6.954288E+00 6.565011E+00 6.281099E+00 6.067852E+00 5.904706E+00 5.451169E+00 5.190487E+00 4.975383E+00 4.785913E+00 4.638438E+00 4.515860E+00 4.441335E+00 4.380405E+00 4.361729E+00 4.349391E+00 4.373300E+00 4.412587E+00 4.448929E+00 4.516741E+00 4.575990E+00 4.668949E+00 4.767208E+00 4.855998E+00 1.054760E+00 
1.905989E+01 1.089884E+01 8.338357E+00 7.133995E+00 6.429524E+00 5.964197E+00 5.636026E+00 5.395669E+00 5.213902E+00 5.073283E+00 4.659421E+00 4.404128E+00 4.197861E+00 4.024517E+00 3.895442E+00 3.793185E+00 3.736295E+00 3.692532E+00 3.686157E+00 3.685883E+00 3.717674E+00 3.762321E+00 3.804585E+00 3.873260E+00 3.935160E+00 4.026960E+00 4.122688E+00 4.212029E+00 1.008186E+00 
2.463157E+01 1.398012E+01 1.058333E+01 9.004946E+00 8.102866E+00 7.517927E+00 7.109770E+00 6.813019E+00 6.590717E+00 6.421186E+00 5.961255E+00 5.709816E+00 5.503386E+00 5.319485E+00 5.176742E+00 5.057851E+00 4.988503E+00 4.932491E+00 4.922491E+00 4.918575E+00 4.954596E+00 5.008237E+00 5.057493E+00 5.143814E+00 5.218409E+00 5.332870E+00 5.453816E+00 5.561015E+00 1.025508E+00 
2.348778E+01 1.334985E+01 1.015226E+01 8.680983E+00 7.845956E+00 7.306564E+00 6.930770E+00 6.657498E+00 6.452324E+00 6.295342E+00 5.860007E+00 5.613373E+00 5.410657E+00 5.235428E+00 5.101964E+00 4.996469E+00 4.940161E+00 4.900584E+00 4.904522E+00 4.919071E+00 4.971207E+00 5.042464E+00 5.112557E+00 5.217549E+00 5.314241E+00 5.448589E+00 5.591069E+00 5.721452E+00 9.680081E-01 
2.243908E+01 1.276000E+01 9.700022E+00 8.277577E+00 7.459576E+00 6.925637E+00 6.551140E+00 6.277533E+00 6.071279E+00 5.912805E+00 5.463610E+00 5.197005E+00 4.974780E+00 4.779575E+00 4.627449E+00 4.500040E+00 4.422180E+00 4.356604E+00 4.334792E+00 4.317176E+00 4.337257E+00 4.372214E+00 4.401646E+00 4.464138E+00 4.514477E+00 4.600918E+00 4.691311E+00 4.768289E+00 1.002620E+00 
2.431494E+01 1.379879E+01 1.047880E+01 8.956899E+00 8.097852E+00 7.545097E+00 7.160433E+00 6.880302E+00 6.669719E+00 6.507778E+00 6.053341E+00 5.789269E+00 5.568833E+00 5.373531E+00 5.221065E+00 5.095603E+00 5.020920E+00 4.962111E+00 4.948853E+00 4.943725E+00 4.977811E+00 5.030557E+00 5.079498E+00 5.164781E+00 5.238898E+00 5.350675E+00 5.469831E+00 5.572761E+00 9.729415E-01 
1.924403E+01 1.100517E+01 8.438892E+00 7.245325E+00 6.553458E+00 6.098369E+00 5.777507E+00 5.541990E+00 5.363714E+00 5.225118E+00 4.810228E+00 4.551864E+00 4.340639E+00 4.168684E+00 4.039486E+00 3.945615E+00 3.893208E+00 3.865483E+00 3.869926E+00 3.891689E+00 3.939880E+00 4.005155E+00 4.077647E+00 4.171885E+00 4.268272E+00 4.387616E+00 4.515381E+00 4.643228E+00 1.029425E+00 
1.723822E+01 9.898958E+00 7.630477E+00 6.569825E+00 5.948843E+00 5.537102E+00 5.245125E+00 5.029460E+00 4.864655E+00 4.734978E+00 4.330017E+00 4.066456E+00 3.853076E+00 3.683314E+00 3.557095E+00 3.466376E+00 3.415265E+00 3.387423E+00 3.388844E+00 3.406034E+00 3.446903E+00 3.502441E+00 3.564482E+00 3.644834E+00 3.727526E+00 3.829767E+00 3.938954E+00 4.048458E+00 9.984314E-01 
2.005548E+01 1.144373E+01 8.730251E+00 7.455601E+00 6.712355E+00 6.222590E+00 5.877783E+00 5.625698E+00 5.435831E+00 5.289631E+00 4.866198E+00 4.609029E+00 4.395876E+00 4.216137E+00 4.077654E+00 3.969675E+00 3.905151E+00 3.859633E+00 3.849007E+00 3.850360E+00 3.880800E+00 3.926132E+00 3.974089E+00 4.045611E+00 4.114725E+00 4.209608E+00 4.310233E+00 4.407025E+00 1.007998E+00 
1.788506E+01 1.025419E+01 7.874872E+00 6.755483E+00 6.098537E+00 5.663093E+00 5.354884E+00 5.127779E+00 4.955118E+00 4.819989E+00 4.407312E+00 4.147422E+00 3.940030E+00 3.775705E+00 3.654839E+00 3.568700E+00 3.522857E+00 3.499713E+00 3.507172E+00 3.529246E+00 3.576553E+00 3.638729E+00 3.707501E+00 3.795659E+00 3.885965E+00 3.997153E+00 4.116164E+00 4.235394E+00 1.072708E+00 
2.334667E+01 1.326656E+01 1.009384E+01 8.637314E+00 7.812030E+00 7.279234E+00 6.907838E+00 6.637277E+00 6.434147E+00 6.278249E+00 5.838277E+00 5.581986E+00 5.366476E+00 5.181368E+00 5.036294E+00 4.923556E+00 4.857445E+00 4.813719E+00 4.810000E+00 4.821957E+00 4.867988E+00 4.933653E+00 5.004061E+00 5.104173E+00 5.201746E+00 5.330722E+00 5.468583E+00 5.600133E+00 9.712619E-01 
2.402557E+01 1.364137E+01 1.034996E+01 8.829096E+00 7.963155E+00 7.402457E+00 7.010996E+00 6.725673E+00 6.511293E+00 6.346675E+00 5.886570E+00 5.623385E+00 5.405193E+00 5.214704E+00 5.065948E+00 4.946773E+00 4.874874E+00 4.822869E+00 4.812677E+00 4.814569E+00 4.852137E+00 4.908744E+00 4.965245E+00 5.054454E+00 5.136550E+00 5.252929E+00 5.377206E+00 5.490169E+00 1.050245E+00 
2.690589E+01 1.523883E+01 1.152704E+01 9.830167E+00 8.882092E+00 8.278678E+00 7.862132E+00 7.560492E+00 7.334821E+00 7.162502E+00 6.691578E+00 6.436555E+00 6.227680E+00 6.044059E+00 5.901818E+00 5.788068E+00 5.725206E+00 5.681387E+00 5.685456E+00 5.700692E+00 5.757595E+00 5.836945E+00 5.914877E+00 6.033415E+00 6.141981E+00 6.292412E+00 6.453921E+00 6.598757E+00 1.061675E+00 
2.515808E+01 1.427100E+01 1.081456E+01 9.223943E+00 8.324687E+00 7.746126E+00 7.343967E+00 7.051222E+00 6.831536E+00 6.663387E+00 6.200711E+00 5.942426E+00 5.730276E+00 5.544065E+00 5.400048E+00 5.281732E+00 5.213835E+00 5.161309E+00 5.155485E+00 5.157303E+00 5.199576E+00 5.261167E+00 5.317563E+00 5.413359E+00 5.496061E+00 5.620747E+00 5.752355E+00 5.867602E+00 1.037658E+00 
2.554537E+01 1.447634E+01 1.094132E+01 9.303112E+00 8.370926E+00 7.768309E+00 7.348173E+00 7.042316E+00 6.812650E+00 6.637234E+00 6.158404E+00 5.891107E+00 5.666900E+00 5.462059E+00 5.298170E+00 5.155799E+00 5.064712E+00 4.984538E+00 4.952607E+00 4.924072E+00 4.936731E+00 4.966588E+00 4.988023E+00 5.048601E+00 5.093247E+00 5.179171E+00 5.269846E+00 5.342251E+00 9.792263E-01 
